{
  "name": "C-n21-k6",
  "n": 21,
  "m": 6,
  "depot": 0,
  "coordinates": [
    [
      0.0,
      0.0
    ],
    [
      30.04,
      10.07
    ],
    [
      80.16,
      22.05
    ],
    [
      52.94,
      69.42
    ],
    [
      15.91,
      23.7
    ],
    [
      71.78,
      18.59
    ],
    [
      42.29,
      85.95
    ],
    [
      25.67,
      18.52
    ],
    [
      78.04,
      21.78
    ],
    [
      52.45,
      83.81
    ],
    [
      25.25,
      18.92
    ],
    [
      75.67,
      23.47
    ],
    [
      42.74,
      81.96
    ],
    [
      20.43,
      34.75
    ],
    [
      64.3,
      42.86
    ],
    [
      45.79,
      75.79
    ],
    [
      10.89,
      16.54
    ],
    [
      77.98,
      28.71
    ],
    [
      44.99,
      74.91
    ],
    [
      26.52,
      22.35
    ],
    [
      84.17,
      16.83
    ]
  ],
  "c": [
    [
      0.0,
      31.68,
      83.14,
      87.3,
      28.55,
      74.15,
      95.79,
      31.65,
      81.02,
      98.87,
      31.55,
      79.23,
      92.43,
      40.31,
      77.28,
      88.55,
      19.8,
      83.1,
      87.38,
      34.68,
      85.84
    ],
    [
      31.68,
      0.0,
      51.53,
      63.61,
      19.63,
      42.6,
      76.86,
      9.51,
      49.41,
      77.07,
      10.06,
      47.56,
      73.0,
      26.48,
      47.42,
      67.58,
      20.21,
      51.44,
      66.54,
      12.77,
      54.55
    ],
    [
      83.14,
      51.53,
      0.0,
      54.63,
      64.27,
      9.07,
      74.28,
      54.6,
      2.14,
      67.69,
      55.0,
      4.71,
      70.64,
      61.07,
      26.16,
      63.79,
      69.49,
      7.01,
      63.49,
      53.64,
      6.58
    ],
    [
      87.3,
      63.61,
      54.63,
      0.0,
      58.83,
      54.21,
      19.66,
      57.74,
      53.85,
      14.4,
      57.59,
      51.26,
      16.16,
      47.53,
      28.89,
      9.58,
      67.56,
      47.79,
      9.66,
      53.98,
      61.16
    ],
    [
      28.55,
      19.63,
      64.27,
      58.83,
      0.0,
      56.1,
      67.61,
      11.05,
      62.16,
      70.34,
      10.49,
      59.76,
      64.14,
      11.94,
      52.05,
      60.05,
      8.74,
      62.27,
      58.89,
      10.7,
      68.6
    ],
    [
      74.15,
      42.6,
      9.07,
      54.21,
      56.1,
      0.0,
      73.53,
      46.11,
      7.03,
      68.02,
      46.53,
      6.24,
      69.71,
      53.83,
      25.4,
      62.83,
      60.92,
      11.87,
      62.37,
      45.42,
      12.51
    ],
    [
      95.79,
      76.86,
      74.28,
      19.66,
      67.61,
      73.53,
      0.0,
      69.45,
      73.46,
      10.38,
      69.16,
      70.84,
      4.02,
      55.67,
      48.39,
      10.75,
      76.18,
      67.46,
      11.37,
      65.53,
      80.82
    ],
    [
      31.65,
      9.51,
      54.6,
      57.74,
      11.05,
      46.11,
      69.45,
      0.0,
      52.47,
      70.57,
      0.58,
      50.24,
      65.7,
      17.05,
      45.66,
      60.7,
      14.91,
      53.29,
      59.61,
      3.92,
      58.52
    ],
    [
      81.02,
      49.41,
      2.14,
      53.85,
      62.16,
      7.03,
      73.46,
      52.47,
      0.0,
      67.1,
      52.87,
      2.91,
      69.77,
      59.05,
      25.16,
      62.91,
      67.35,
      6.93,
      62.57,
      51.52,
      7.88
    ],
    [
      98.87,
      77.07,
      67.69,
      14.4,
      70.34,
      68.02,
      10.38,
      70.57,
      67.1,
      0.0,
      70.36,
      64.65,
      9.88,
      58.58,
      42.63,
      10.42,
      79.07,
      60.73,
      11.61,
      66.71,
      74.11
    ],
    [
      31.55,
      10.06,
      55.0,
      57.59,
      10.49,
      46.53,
      69.16,
      0.58,
      52.87,
      70.36,
      0.0,
      50.62,
      65.42,
      16.55,
      45.8,
      60.47,
      14.56,
      53.63,
      59.37,
      3.66,
      58.96
    ],
    [
      79.23,
      47.56,
      4.71,
      51.26,
      59.76,
      6.24,
      70.84,
      50.24,
      2.91,
      64.65,
      50.62,
      0.0,
      67.12,
      56.38,
      22.48,
      60.25,
      65.15,
      5.73,
      59.89,
      49.16,
      10.79
    ],
    [
      92.43,
      73.0,
      70.64,
      16.16,
      64.14,
      69.71,
      4.02,
      65.7,
      69.77,
      9.88,
      65.42,
      67.12,
      0.0,
      52.22,
      44.65,
      6.88,
      72.76,
      63.85,
      7.4,
      61.78,
      77.19
    ],
    [
      40.31,
      26.48,
      61.07,
      47.53,
      11.94,
      53.83,
      55.67,
      17.05,
      59.05,
      58.58,
      16.55,
      56.38,
      52.22,
      0.0,
      44.61,
      48.24,
      20.56,
      57.87,
      47.07,
      13.81,
      66.21
    ],
    [
      77.28,
      47.42,
      26.16,
      28.89,
      52.05,
      25.4,
      48.39,
      45.66,
      25.16,
      42.63,
      45.8,
      22.48,
      44.65,
      44.61,
      0.0,
      37.78,
      59.54,
      19.68,
      37.42,
      42.99,
      32.75
    ],
    [
      88.55,
      67.58,
      63.79,
      9.58,
      60.05,
      62.83,
      10.75,
      60.7,
      62.91,
      10.42,
      60.47,
      60.25,
      6.88,
      48.24,
      37.78,
      0.0,
      68.76,
      57.03,
      1.19,
      56.81,
      70.35
    ],
    [
      19.8,
      20.21,
      69.49,
      67.56,
      8.74,
      60.92,
      76.18,
      14.91,
      67.35,
      79.07,
      14.56,
      65.15,
      72.76,
      20.56,
      59.54,
      68.76,
      0.0,
      68.18,
      67.6,
      16.67,
      73.28
    ],
    [
      83.1,
      51.44,
      7.01,
      47.79,
      62.27,
      11.87,
      67.46,
      53.29,
      6.93,
      60.73,
      53.63,
      5.73,
      63.85,
      57.87,
      19.68,
      57.03,
      68.18,
      0.0,
      56.77,
      51.85,
      13.4
    ],
    [
      87.38,
      66.54,
      63.49,
      9.66,
      58.89,
      62.37,
      11.37,
      59.61,
      62.57,
      11.61,
      59.37,
      59.89,
      7.4,
      47.07,
      37.42,
      1.19,
      67.6,
      56.77,
      0.0,
      55.71,
      70.06
    ],
    [
      34.68,
      12.77,
      53.64,
      53.98,
      10.7,
      45.42,
      65.53,
      3.92,
      51.52,
      66.71,
      3.66,
      49.16,
      61.78,
      13.81,
      42.99,
      56.81,
      16.67,
      51.85,
      55.71,
      0.0,
      57.91
    ],
    [
      85.84,
      54.55,
      6.58,
      61.16,
      68.6,
      12.51,
      80.82,
      58.52,
      7.88,
      74.11,
      58.96,
      10.79,
      77.19,
      66.21,
      32.75,
      70.35,
      73.28,
      13.4,
      70.06,
      57.91,
      0.0
    ]
  ],
  "u": [
    [
      1,
      0,
      0,
      0,
      0,
      1,
      1,
      0,
      0,
      1,
      0,
      1,
      1,
      1,
      1,
      0,
      0,
      1,
      0,
      0,
      0
    ],
    [
      1,
      0,
      1,
      0,
      0,
      0,
      0,
      1,
      1,
      0,
      1,
      1,
      0,
      1,
      0,
      0,
      0,
      1,
      0,
      1,
      0
    ],
    [
      1,
      1,
      1,
      1,
      1,
      1,
      1,
      0,
      1,
      0,
      1,
      0,
      0,
      1,
      0,
      1,
      0,
      0,
      0,
      1,
      1
    ],
    [
      1,
      1,
      0,
      1,
      0,
      1,
      0,
      1,
      0,
      1,
      0,
      0,
      0,
      0,
      1,
      0,
      1,
      0,
      1,
      0,
      1
    ],
    [
      1,
      0,
      0,
      0,
      1,
      1,
      0,
      1,
      0,
      0,
      0,
      0,
      1,
      0,
      1,
      1,
      1,
      0,
      0,
      1,
      1
    ],
    [
      1,
      0,
      0,
      1,
      0,
      0,
      0,
      1,
      0,
      1,
      1,
      0,
      0,
      0,
      0,
      0,
      1,
      1,
      1,
      0,
      1
    ]
  ]
}