{
  "name": "R-n21-k6",
  "n": 21,
  "m": 6,
  "depot": 0,
  "coordinates": [
    [
      0.0,
      0.0
    ],
    [
      71.39,
      22.84
    ],
    [
      11.35,
      39.39
    ],
    [
      19.13,
      0.44
    ],
    [
      91.96,
      87.15
    ],
    [
      73.15,
      91.77
    ],
    [
      0.39,
      72.73
    ],
    [
      59.51,
      17.76
    ],
    [
      92.72,
      24.34
    ],
    [
      40.6,
      69.28
    ],
    [
      59.06,
      32.69
    ],
    [
      53.25,
      13.47
    ],
    [
      87.73,
      5.95
    ],
    [
      96.04,
      18.26
    ],
    [
      37.78,
      39.1
    ],
    [
      37.83,
      5.74
    ],
    [
      46.39,
      78.44
    ],
    [
      69.93,
      83.04
    ],
    [
      35.92,
      75.77
    ],
    [
      38.64,
      62.49
    ],
    [
      74.22,
      72.76
    ]
  ],
  "c": [
    [
      0.0,
      74.95,
      40.99,
      19.14,
      126.7,
      117.36,
      72.73,
      62.1,
      95.86,
      80.3,
      67.5,
      54.93,
      87.93,
      97.76,
      54.37,
      38.26,
      91.13,
      108.56,
      83.85,
      73.47,
      103.94
    ],
    [
      74.95,
      0.0,
      62.28,
      56.86,
      67.52,
      68.95,
      86.78,
      12.92,
      21.38,
      55.72,
      15.78,
      20.42,
      23.5,
      25.07,
      37.34,
      37.67,
      60.96,
      60.22,
      63.72,
      51.43,
      50.0
    ],
    [
      40.99,
      62.28,
      0.0,
      39.72,
      93.7,
      81.01,
      35.1,
      52.79,
      82.75,
      41.82,
      48.18,
      49.27,
      83.38,
      87.29,
      26.43,
      42.82,
      52.47,
      73.05,
      43.9,
      35.75,
      71.18
    ],
    [
      19.14,
      56.86,
      39.72,
      0.0,
      113.24,
      106.11,
      74.68,
      43.94,
      77.37,
      72.11,
      51.33,
      36.52,
      68.82,
      78.95,
      42.92,
      19.44,
      82.63,
      96.97,
      77.18,
      65.04,
      90.91
    ],
    [
      126.7,
      67.52,
      93.7,
      113.24,
      0.0,
      19.37,
      92.7,
      76.6,
      62.81,
      54.38,
      63.63,
      83.23,
      81.31,
      69.01,
      72.42,
      97.76,
      46.39,
      22.41,
      57.18,
      58.75,
      22.84
    ],
    [
      117.36,
      68.95,
      81.01,
      106.11,
      19.37,
      0.0,
      75.21,
      75.26,
      70.21,
      39.56,
      60.74,
      80.79,
      87.05,
      76.99,
      63.44,
      93.0,
      29.9,
      9.3,
      40.52,
      45.26,
      19.04
    ],
    [
      72.73,
      86.78,
      35.1,
      74.68,
      92.7,
      75.21,
      0.0,
      80.73,
      104.24,
      40.36,
      71.03,
      79.41,
      109.94,
      110.07,
      50.29,
      76.74,
      46.35,
      70.3,
      35.66,
      39.6,
      73.83
    ],
    [
      62.1,
      12.92,
      52.79,
      43.94,
      76.6,
      75.26,
      80.73,
      0.0,
      33.86,
      54.88,
      14.94,
      7.59,
      30.59,
      36.53,
      30.46,
      24.79,
      62.08,
      66.11,
      62.62,
      49.36,
      56.93
    ],
    [
      95.86,
      21.38,
      82.75,
      77.37,
      62.81,
      70.21,
      104.24,
      33.86,
      0.0,
      68.82,
      34.68,
      40.94,
      19.05,
      6.93,
      56.89,
      57.96,
      71.23,
      62.97,
      76.62,
      66.18,
      51.83
    ],
    [
      80.3,
      55.72,
      41.82,
      72.11,
      54.38,
      39.56,
      40.36,
      54.88,
      68.82,
      0.0,
      40.98,
      57.23,
      78.94,
      75.34,
      30.31,
      63.6,
      10.84,
      32.4,
      8.0,
      7.07,
      33.8
    ],
    [
      67.5,
      15.78,
      48.18,
      51.33,
      63.63,
      60.74,
      71.03,
      14.94,
      34.68,
      40.98,
      0.0,
      20.08,
      39.2,
      39.7,
      22.22,
      34.31,
      47.47,
      51.51,
      48.9,
      36.13,
      42.84
    ],
    [
      54.93,
      20.42,
      49.27,
      36.52,
      83.23,
      80.79,
      79.41,
      7.59,
      40.94,
      57.23,
      20.08,
      0.0,
      35.29,
      43.06,
      29.94,
      17.25,
      65.33,
      71.54,
      64.67,
      51.15,
      62.89
    ],
    [
      87.93,
      23.5,
      83.38,
      68.82,
      81.31,
      87.05,
      109.94,
      30.59,
      19.05,
      78.94,
      39.2,
      35.29,
      0.0,
      14.85,
      59.95,
      49.9,
      83.45,
      79.12,
      86.94,
      74.88,
      68.16
    ],
    [
      97.76,
      25.07,
      87.29,
      78.95,
      69.01,
      76.99,
      110.07,
      36.53,
      6.93,
      75.34,
      39.7,
      43.06,
      14.85,
      0.0,
      61.88,
      59.54,
      78.02,
      69.84,
      83.2,
      72.46,
      58.71
    ],
    [
      54.37,
      37.34,
      26.43,
      42.92,
      72.42,
      63.44,
      50.29,
      30.46,
      56.89,
      30.31,
      22.22,
      29.94,
      59.95,
      61.88,
      0.0,
      33.36,
      40.27,
      54.45,
      36.72,
      23.41,
      49.61
    ],
    [
      38.26,
      37.67,
      42.82,
      19.44,
      97.76,
      93.0,
      76.74,
      24.79,
      57.96,
      63.6,
      34.31,
      17.25,
      49.9,
      59.54,
      33.36,
      0.0,
      73.2,
      83.7,
      70.06,
      56.76,
      76.26
    ],
    [
      91.13,
      60.96,
      52.47,
      82.63,
      46.39,
      29.9,
      46.35,
      62.08,
      71.23,
      10.84,
      47.47,
      65.33,
      83.45,
      78.02,
      40.27,
      73.2,
      0.0,
      23.99,
      10.81,
      17.73,
      28.4
    ],
    [
      108.56,
      60.22,
      73.05,
      96.97,
      22.41,
      9.3,
      70.3,
      66.11,
      62.97,
      32.4,
      51.51,
      71.54,
      79.12,
      69.84,
      54.45,
      83.7,
      23.99,
      0.0,
      34.78,
      37.43,
      11.14
    ],
    [
      83.85,
      63.72,
      43.9,
      77.18,
      57.18,
      40.52,
      35.66,
      62.62,
      76.62,
      8.0,
      48.9,
      64.67,
      86.94,
      83.2,
      36.72,
      70.06,
      10.81,
      34.78,
      0.0,
      13.56,
      38.42
    ],
    [
      73.47,
      51.43,
      35.75,
      65.04,
      58.75,
      45.26,
      39.6,
      49.36,
      66.18,
      7.07,
      36.13,
      51.15,
      74.88,
      72.46,
      23.41,
      56.76,
      17.73,
      37.43,
      13.56,
      0.0,
      37.03
    ],
    [
      103.94,
      50.0,
      71.18,
      90.91,
      22.84,
      19.04,
      73.83,
      56.93,
      51.83,
      33.8,
      42.84,
      62.89,
      68.16,
      58.71,
      49.61,
      76.26,
      28.4,
      11.14,
      38.42,
      37.03,
      0.0
    ]
  ],
  "u": [
    [
      1,
      0,
      0,
      0,
      1,
      1,
      1,
      1,
      0,
      0,
      1,
      0,
      0,
      0,
      1,
      0,
      1,
      0,
      0,
      1,
      0
    ],
    [
      1,
      1,
      0,
      1,
      1,
      1,
      1,
      1,
      0,
      0,
      0,
      1,
      1,
      0,
      0,
      0,
      0,
      0,
      0,
      0,
      0
    ],
    [
      1,
      1,
      0,
      0,
      1,
      0,
      0,
      0,
      0,
      0,
      0,
      0,
      1,
      1,
      0,
      0,
      0,
      1,
      1,
      1,
      1
    ],
    [
      1,
      1,
      1,
      0,
      0,
      1,
      0,
      0,
      1,
      1,
      0,
      1,
      1,
      0,
      1,
      1,
      0,
      1,
      0,
      1,
      0
    ],
    [
      1,
      0,
      0,
      1,
      0,
      0,
      1,
      1,
      0,
      1,
      1,
      0,
      1,
      1,
      1,
      1,
      1,
      0,
      0,
      0,
      1
    ],
    [
      1,
      0,
      1,
      0,
      1,
      0,
      0,
      0,
      1,
      0,
      1,
      0,
      0,
      1,
      0,
      0,
      0,
      0,
      1,
      1,
      1
    ]
  ]
}