{
  "name": "c-n41-k10",
  "n": 41,
  "m": 10,
  "prob_compat": 0.7,
  "layout": "C",
  "coords": [
    [
      40.0,
      50.0
    ],
    [
      45.0,
      68.0
    ],
    [
      45.0,
      70.0
    ],
    [
      42.0,
      66.0
    ],
    [
      42.0,
      68.0
    ],
    [
      42.0,
      65.0
    ],
    [
      40.0,
      69.0
    ],
    [
      40.0,
      66.0
    ],
    [
      38.0,
      68.0
    ],
    [
      38.0,
      70.0
    ],
    [
      35.0,
      66.0
    ],
    [
      35.0,
      69.0
    ],
    [
      25.0,
      85.0
    ],
    [
      22.0,
      75.0
    ],
    [
      22.0,
      85.0
    ],
    [
      20.0,
      80.0
    ],
    [
      20.0,
      85.0
    ],
    [
      18.0,
      75.0
    ],
    [
      15.0,
      75.0
    ],
    [
      15.0,
      80.0
    ],
    [
      30.0,
      50.0
    ],
    [
      30.0,
      52.0
    ],
    [
      28.0,
      52.0
    ],
    [
      28.0,
      55.0
    ],
    [
      25.0,
      50.0
    ],
    [
      25.0,
      52.0
    ],
    [
      25.0,
      55.0
    ],
    [
      23.0,
      52.0
    ],
    [
      23.0,
      55.0
    ],
    [
      20.0,
      50.0
    ],
    [
      20.0,
      55.0
    ],
    [
      10.0,
      35.0
    ],
    [
      10.0,
      40.0
    ],
    [
      8.0,
      40.0
    ],
    [
      8.0,
      45.0
    ],
    [
      5.0,
      35.0
    ],
    [
      5.0,
      45.0
    ],
    [
      2.0,
      40.0
    ],
    [
      0.0,
      40.0
    ],
    [
      0.0,
      45.0
    ],
    [
      35.0,
      30.0
    ]
  ],
  "c": [
    [
      0.0,
      18.681541692269406,
      20.615528128088304,
      16.1245154965971,
      18.110770276274835,
      15.132745950421556,
      19.0,
      16.0,
      18.110770276274835,
      20.09975124224178,
      16.76305461424021,
      19.6468827043885,
      38.07886552931954,
      30.805843601498726,
      39.35733730830886,
      36.05551275463989,
      40.311288741492746,
      33.301651610693426,
      35.35533905932738,
      39.05124837953327,
      10.0,
      10.198039027185569,
      12.165525060596439,
      13.0,
      15.0,
      15.132745950421556,
      15.811388300841896,
      17.11724276862369,
      17.72004514666935,
      20.0,
      20.615528128088304,
      33.54101966249684,
      31.622776601683793,
      33.52610922848042,
      32.38826948140329,
      38.07886552931954,
      35.35533905932738,
      39.293765408777,
      41.23105625617661,
      40.311288741492746,
      20.615528128088304
    ],
    [
      18.681541692269406,
      0.0,
      2.0,
      3.605551275463989,
      3.0,
      4.242640687119285,
      5.0990195135927845,
      5.385164807134504,
      7.0,
      7.280109889280518,
      10.198039027185569,
      10.04987562112089,
      26.248809496813376,
      24.041630560342615,
      28.600699292150182,
      27.730849247724095,
      30.23243291566195,
      27.892651361962706,
      30.805843601498726,
      32.31098884280702,
      23.430749027719962,
      21.93171219946131,
      23.345235059857504,
      21.400934559032695,
      26.90724809414742,
      25.612496949731394,
      23.853720883753127,
      27.202941017470888,
      25.553864678361276,
      30.805843601498726,
      28.178005607210743,
      48.104053883222775,
      44.82186966202994,
      46.400431032480725,
      43.56604182158393,
      51.85556864985669,
      46.14108798023731,
      51.31276644267,
      53.0,
      50.53711507397311,
      39.293765408777
    ],
    [
      20.615528128088304,
      2.0,
      0.0,
      5.0,
      3.605551275463989,
      5.830951894845301,
      5.0990195135927845,
      6.4031242374328485,
      7.280109889280518,
      7.0,
      10.770329614269007,
      10.04987562112089,
      25.0,
      23.53720459187964,
      27.459060435491963,
      26.92582403567252,
      29.154759474226502,
      27.459060435491963,
      30.4138126514911,
      31.622776601683793,
      25.0,
      23.430749027719962,
      24.758836806279895,
      22.67156809750927,
      28.284271247461902,
      26.90724809414742,
      25.0,
      28.42534080710379,
      26.627053911388696,
      32.01562118716424,
      29.154759474226502,
      49.49747468305833,
      46.09772228646444,
      47.634021455258214,
      44.654227123532216,
      53.150729063673246,
      47.16990566028302,
      52.43090691567332,
      54.08326913195984,
      51.478150704935004,
      41.23105625617661
    ],
    [
      16.1245154965971,
      3.605551275463989,
      5.0,
      0.0,
      2.0,
      1.0,
      3.605551275463989,
      2.0,
      4.47213595499958,
      5.656854249492381,
      7.0,
      7.615773105863909,
      25.495097567963924,
      21.93171219946131,
      27.586228448267445,
      26.076809620810597,
      29.068883707497267,
      25.632011235952593,
      28.460498941515414,
      30.4138126514911,
      20.0,
      18.439088914585774,
      19.79898987322333,
      17.804493814764857,
      23.345235059857504,
      22.02271554554524,
      20.248456731316587,
      23.600847442411894,
      21.95449840010015,
      27.202941017470888,
      24.596747752497688,
      44.553338819890925,
      41.23105625617661,
      42.80186911806539,
      39.96248240537617,
      48.27007354458868,
      42.5440947723653,
      47.70744176750625,
      49.39635614091387,
      46.95742752749558,
      36.6742416417845
    ],
    [
      18.110770276274835,
      3.0,
      3.605551275463989,
      2.0,
      0.0,
      3.0,
      2.23606797749979,
      2.8284271247461903,
      4.0,
      4.47213595499958,
      7.280109889280518,
      7.0710678118654755,
      24.041630560342615,
      21.18962010041709,
      26.248809496813376,
      25.059928172283335,
      27.80287754891569,
      25.0,
      27.892651361962706,
      29.546573405388315,
      21.633307652783937,
      20.0,
      21.2602916254693,
      19.1049731745428,
      24.758836806279895,
      23.345235059857504,
      21.400934559032695,
      24.839484696748443,
      23.021728866442675,
      28.42534080710379,
      25.553864678361276,
      45.967379738244816,
      42.5205832509386,
      44.04543109109048,
      41.048751503547585,
      49.57822102496216,
      43.56604182158393,
      48.82622246293481,
      50.47771785649585,
      47.885279575251516,
      38.63935817272331
    ],
    [
      15.132745950421556,
      4.242640687119285,
      5.830951894845301,
      1.0,
      3.0,
      0.0,
      4.47213595499958,
      2.23606797749979,
      5.0,
      6.4031242374328485,
      7.0710678118654755,
      8.06225774829855,
      26.248809496813376,
      22.360679774997898,
      28.284271247461902,
      26.627053911388696,
      29.732137494637012,
      26.0,
      28.792360097775937,
      30.886890422961002,
      19.209372712298546,
      17.69180601295413,
      19.1049731745428,
      17.204650534085253,
      22.67156809750927,
      21.400934559032695,
      19.72308292331602,
      23.021728866442675,
      21.470910553583888,
      26.627053911388696,
      24.166091947189145,
      43.86342439892262,
      40.607881008493905,
      42.20189569201838,
      39.44616584663204,
      47.634021455258214,
      42.05948168962618,
      47.16990566028302,
      48.877397639399746,
      46.51881339845203,
      35.6931365951495
    ],
    [
      19.0,
      5.0990195135927845,
      5.0990195135927845,
      3.605551275463989,
      2.23606797749979,
      4.47213595499958,
      0.0,
      3.0,
      2.23606797749979,
      2.23606797749979,
      5.830951894845301,
      5.0,
      21.93171219946131,
      18.973665961010276,
      24.08318915758459,
      22.825424421026653,
      25.612496949731394,
      22.80350850198276,
      25.709920264364882,
      27.313000567495326,
      21.470910553583888,
      19.72308292331602,
      20.808652046684813,
      18.439088914585774,
      24.20743687382041,
      22.67156809750927,
      20.518284528683193,
      24.041630560342615,
      22.02271554554524,
      27.586228448267445,
      24.413111231467404,
      45.34313619501854,
      41.72529209005013,
      43.18564576337837,
      40.0,
      48.79549159502341,
      42.43819034784589,
      47.80167361086848,
      49.4064773081425,
      46.647615158762406,
      39.319206502675
    ],
    [
      16.0,
      5.385164807134504,
      6.4031242374328485,
      2.0,
      2.8284271247461903,
      2.23606797749979,
      3.0,
      0.0,
      2.8284271247461903,
      4.47213595499958,
      5.0,
      5.830951894845301,
      24.20743687382041,
      20.12461179749811,
      26.1725046566048,
      24.413111231467404,
      27.586228448267445,
      23.769728648009426,
      26.570660511172846,
      28.653097563788805,
      18.867962264113206,
      17.204650534085253,
      18.439088914585774,
      16.278820596099706,
      21.93171219946131,
      20.518284528683193,
      18.601075237738275,
      22.02271554554524,
      20.248456731316587,
      25.612496949731394,
      22.825424421026653,
      43.139309220245984,
      39.698866482558415,
      41.23105625617661,
      38.27531841800928,
      46.75467891024384,
      40.8166632639171,
      46.04345773288535,
      47.70744176750625,
      45.17742799230607,
      36.345563690772494
    ],
    [
      18.110770276274835,
      7.0,
      7.280109889280518,
      4.47213595499958,
      4.0,
      5.0,
      2.23606797749979,
      2.8284271247461903,
      0.0,
      2.0,
      3.605551275463989,
      3.1622776601683795,
      21.400934559032695,
      17.46424919657298,
      23.345235059857504,
      21.633307652783937,
      24.758836806279895,
      21.18962010041709,
      24.041630560342615,
      25.942243542145693,
      19.697715603592208,
      17.88854381999832,
      18.867962264113206,
      16.401219466856727,
      22.20360331117452,
      20.615528128088304,
      18.384776310850235,
      21.93171219946131,
      19.849433241279208,
      25.45584412271571,
      22.20360331117452,
      43.278170016764804,
      39.59797974644666,
      41.036569057366385,
      37.8021163428716,
      46.66904755831214,
      40.22437072223753,
      45.60701700396552,
      47.20169488482379,
      44.41846462902562,
      38.118237105091836
    ],
    [
      20.09975124224178,
      7.280109889280518,
      7.0,
      5.656854249492381,
      4.47213595499958,
      6.4031242374328485,
      2.23606797749979,
      4.47213595499958,
      2.0,
      0.0,
      5.0,
      3.1622776601683795,
      19.849433241279208,
      16.76305461424021,
      21.93171219946131,
      20.591260281974,
      23.430749027719962,
      20.615528128088304,
      23.53720459187964,
      25.079872407968907,
      21.540659228538015,
      19.697715603592208,
      20.591260281974,
      18.027756377319946,
      23.853720883753127,
      22.20360331117452,
      19.849433241279208,
      23.430749027719962,
      21.213203435596427,
      26.90724809414742,
      23.430749027719962,
      44.82186966202994,
      41.036569057366385,
      42.42640687119285,
      39.05124837953327,
      48.104053883222775,
      41.400483088968905,
      46.861498055439924,
      48.41487374764082,
      45.48626166217664,
      40.11234224026316
    ],
    [
      16.76305461424021,
      10.198039027185569,
      10.770329614269007,
      7.0,
      7.280109889280518,
      7.0710678118654755,
      5.830951894845301,
      5.0,
      3.605551275463989,
      5.0,
      0.0,
      3.0,
      21.470910553583888,
      15.811388300841896,
      23.021728866442675,
      20.518284528683193,
      24.20743687382041,
      19.235384061671343,
      21.93171219946131,
      24.413111231467404,
      16.76305461424021,
      14.866068747318506,
      15.652475842498529,
      13.038404810405298,
      18.867962264113206,
      17.204650534085253,
      14.866068747318506,
      18.439088914585774,
      16.278820596099706,
      21.93171219946131,
      18.601075237738275,
      39.824615503479755,
      36.069377593742864,
      37.48332962798263,
      34.20526275297414,
      43.139309220245984,
      36.61966684720111,
      42.01190307520001,
      43.60045871318328,
      40.8166632639171,
      36.0
    ],
    [
      19.6468827043885,
      10.04987562112089,
      10.04987562112089,
      7.615773105863909,
      7.0710678118654755,
      8.06225774829855,
      5.0,
      5.830951894845301,
      3.1622776601683795,
      3.1622776601683795,
      3.0,
      0.0,
      18.867962264113206,
      14.317821063276353,
      20.615528128088304,
      18.601075237738275,
      21.93171219946131,
      18.027756377319946,
      20.8806130178211,
      22.825424421026653,
      19.6468827043885,
      17.72004514666935,
      18.384776310850235,
      15.652475842498529,
      21.470910553583888,
      19.72308292331602,
      17.204650534085253,
      20.808652046684813,
      18.439088914585774,
      24.20743687382041,
      20.518284528683193,
      42.20189569201838,
      38.28837943815329,
      39.6232255123179,
      36.124783736376884,
      45.34313619501854,
      38.41874542459709,
      43.93176527297759,
      45.45327270945405,
      42.43819034784589,
      39.0
    ],
    [
      38.07886552931954,
      26.248809496813376,
      25.0,
      25.495097567963924,
      24.041630560342615,
      26.248809496813376,
      21.93171219946131,
      24.20743687382041,
      21.400934559032695,
      19.849433241279208,
      21.470910553583888,
      18.867962264113206,
      0.0,
      10.44030650891055,
      3.0,
      7.0710678118654755,
      5.0,
      12.206555615733702,
      14.142135623730951,
      11.180339887498949,
      35.35533905932738,
      33.37663853655727,
      33.13608305156178,
      30.14962686336267,
      35.0,
      33.0,
      30.0,
      33.06055050963308,
      30.066592756745816,
      35.35533905932738,
      30.4138126514911,
      52.20153254455275,
      47.43416490252569,
      48.104053883222775,
      43.46262762420146,
      53.85164807134504,
      44.721359549995796,
      50.53711507397311,
      51.478150704935004,
      47.16990566028302,
      55.90169943749474
    ],
    [
      30.805843601498726,
      24.041630560342615,
      23.53720459187964,
      21.93171219946131,
      21.18962010041709,
      22.360679774997898,
      18.973665961010276,
      20.12461179749811,
      17.46424919657298,
      16.76305461424021,
      15.811388300841896,
      14.317821063276353,
      10.44030650891055,
      0.0,
      10.0,
      5.385164807134504,
      10.198039027185569,
      4.0,
      7.0,
      8.602325267042627,
      26.248809496813376,
      24.351591323771842,
      23.769728648009426,
      20.8806130178211,
      25.179356624028344,
      23.194827009486403,
      20.223748416156685,
      23.021728866442675,
      20.024984394500787,
      25.079872407968907,
      20.09975124224178,
      41.7612260356422,
      37.0,
      37.69615364994153,
      33.1058907144937,
      43.46262762420146,
      34.48187929913333,
      40.311288741492746,
      41.340053217188775,
      37.20215047547655,
      46.84015371452148
    ],
    [
      39.35733730830886,
      28.600699292150182,
      27.459060435491963,
      27.586228448267445,
      26.248809496813376,
      28.284271247461902,
      24.08318915758459,
      26.1725046566048,
      23.345235059857504,
      21.93171219946131,
      23.021728866442675,
      20.615528128088304,
      3.0,
      10.0,
      0.0,
      5.385164807134504,
      2.0,
      10.770329614269007,
      12.206555615733702,
      8.602325267042627,
      35.90264614203248,
      33.95585369269929,
      33.54101966249684,
      30.59411708155671,
      35.12833614050059,
      33.13608305156178,
      30.14962686336267,
      33.015148038438355,
      30.01666203960727,
      35.05709628591621,
      30.066592756745816,
      51.419840528729765,
      46.57252408878007,
      47.12748667179272,
      42.37924020083418,
      52.81098370604357,
      43.46262762420146,
      49.24428900898052,
      50.08991914547278,
      45.65084884205331,
      56.515484603779164
    ],
    [
      36.05551275463989,
      27.730849247724095,
      26.92582403567252,
      26.076809620810597,
      25.059928172283335,
      26.627053911388696,
      22.825424421026653,
      24.413111231467404,
      21.633307652783937,
      20.591260281974,
      20.518284528683193,
      18.601075237738275,
      7.0710678118654755,
      5.385164807134504,
      5.385164807134504,
      0.0,
      5.0,
      5.385164807134504,
      7.0710678118654755,
      5.0,
      31.622776601683793,
      29.732137494637012,
      29.120439557122072,
      26.248809496813376,
      30.4138126514911,
      28.442925306655784,
      25.495097567963924,
      28.160255680657446,
      25.179356624028344,
      30.0,
      25.0,
      46.09772228646444,
      41.23105625617661,
      41.7612260356422,
      37.0,
      47.43416490252569,
      38.07886552931954,
      43.86342439892262,
      44.721359549995796,
      40.311288741492746,
      52.20153254455275
    ],
    [
      40.311288741492746,
      30.23243291566195,
      29.154759474226502,
      29.068883707497267,
      27.80287754891569,
      29.732137494637012,
      25.612496949731394,
      27.586228448267445,
      24.758836806279895,
      23.430749027719962,
      24.20743687382041,
      21.93171219946131,
      5.0,
      10.198039027185569,
      2.0,
      5.0,
      0.0,
      10.198039027185569,
      11.180339887498949,
      7.0710678118654755,
      36.40054944640259,
      34.48187929913333,
      33.95585369269929,
      31.04834939252005,
      35.35533905932738,
      33.37663853655727,
      30.4138126514911,
      33.13608305156178,
      30.14962686336267,
      35.0,
      30.0,
      50.99019513592785,
      46.09772228646444,
      46.57252408878007,
      41.7612260356422,
      52.20153254455275,
      42.720018726587654,
      48.46648326421054,
      49.24428900898052,
      44.721359549995796,
      57.0087712549569
    ],
    [
      33.301651610693426,
      27.892651361962706,
      27.459060435491963,
      25.632011235952593,
      25.0,
      26.0,
      22.80350850198276,
      23.769728648009426,
      21.18962010041709,
      20.615528128088304,
      19.235384061671343,
      18.027756377319946,
      12.206555615733702,
      4.0,
      10.770329614269007,
      5.385164807134504,
      10.198039027185569,
      0.0,
      3.0,
      5.830951894845301,
      27.730849247724095,
      25.942243542145693,
      25.079872407968907,
      22.360679774997898,
      25.96150997149434,
      24.041630560342615,
      21.18962010041709,
      23.53720459187964,
      20.615528128088304,
      25.079872407968907,
      20.09975124224178,
      40.792156108742276,
      35.90264614203248,
      36.40054944640259,
      31.622776601683793,
      42.05948168962618,
      32.69556544854363,
      38.48376280978771,
      39.35733730830886,
      34.9857113690718,
      48.104053883222775
    ],
    [
      35.35533905932738,
      30.805843601498726,
      30.4138126514911,
      28.460498941515414,
      27.892651361962706,
      28.792360097775937,
      25.709920264364882,
      26.570660511172846,
      24.041630560342615,
      23.53720459187964,
      21.93171219946131,
      20.8806130178211,
      14.142135623730951,
      7.0,
      12.206555615733702,
      7.0710678118654755,
      11.180339887498949,
      3.0,
      0.0,
      5.0,
      29.154759474226502,
      27.459060435491963,
      26.419689627245813,
      23.853720883753127,
      26.92582403567252,
      25.079872407968907,
      22.360679774997898,
      24.351591323771842,
      21.540659228538015,
      25.495097567963924,
      20.615528128088304,
      40.311288741492746,
      35.35533905932738,
      35.6931365951495,
      30.805843601498726,
      41.23105625617661,
      31.622776601683793,
      37.33630940518894,
      38.07886552931954,
      33.54101966249684,
      49.24428900898052
    ],
    [
      39.05124837953327,
      32.31098884280702,
      31.622776601683793,
      30.4138126514911,
      29.546573405388315,
      30.886890422961002,
      27.313000567495326,
      28.653097563788805,
      25.942243542145693,
      25.079872407968907,
      24.413111231467404,
      22.825424421026653,
      11.180339887498949,
      8.602325267042627,
      8.602325267042627,
      5.0,
      7.0710678118654755,
      5.830951894845301,
      5.0,
      0.0,
      33.54101966249684,
      31.76476034853718,
      30.870698080866262,
      28.178005607210743,
      31.622776601683793,
      29.732137494637012,
      26.92582403567252,
      29.120439557122072,
      26.248809496813376,
      30.4138126514911,
      25.495097567963924,
      45.27692569068709,
      40.311288741492746,
      40.607881008493905,
      35.6931365951495,
      46.09772228646444,
      36.40054944640259,
      42.05948168962618,
      42.720018726587654,
      38.07886552931954,
      53.85164807134504
    ],
    [
      10.0,
      23.430749027719962,
      25.0,
      20.0,
      21.633307652783937,
      19.209372712298546,
      21.470910553583888,
      18.867962264113206,
      19.697715603592208,
      21.540659228538015,
      16.76305461424021,
      19.6468827043885,
      35.35533905932738,
      26.248809496813376,
      35.90264614203248,
      31.622776601683793,
      36.40054944640259,
      27.730849247724095,
      29.154759474226502,
      33.54101966249684,
      0.0,
      2.0,
      2.8284271247461903,
      5.385164807134504,
      5.0,
      5.385164807134504,
      7.0710678118654755,
      7.280109889280518,
      8.602325267042627,
      10.0,
      11.180339887498949,
      25.0,
      22.360679774997898,
      24.166091947189145,
      22.561028345356956,
      29.154759474226502,
      25.495097567963924,
      29.732137494637012,
      31.622776601683793,
      30.4138126514911,
      20.615528128088304
    ],
    [
      10.198039027185569,
      21.93171219946131,
      23.430749027719962,
      18.439088914585774,
      20.0,
      17.69180601295413,
      19.72308292331602,
      17.204650534085253,
      17.88854381999832,
      19.697715603592208,
      14.866068747318506,
      17.72004514666935,
      33.37663853655727,
      24.351591323771842,
      33.95585369269929,
      29.732137494637012,
      34.48187929913333,
      25.942243542145693,
      27.459060435491963,
      31.76476034853718,
      2.0,
      0.0,
      2.0,
      3.605551275463989,
      5.385164807134504,
      5.0,
      5.830951894845301,
      7.0,
      7.615773105863909,
      10.198039027185569,
      10.44030650891055,
      26.248809496813376,
      23.323807579381203,
      25.059928172283335,
      23.08679276123039,
      30.23243291566195,
      25.96150997149434,
      30.463092423455635,
      32.31098884280702,
      30.805843601498726,
      22.561028345356956
    ],
    [
      12.165525060596439,
      23.345235059857504,
      24.758836806279895,
      19.79898987322333,
      21.2602916254693,
      19.1049731745428,
      20.808652046684813,
      18.439088914585774,
      18.867962264113206,
      20.591260281974,
      15.652475842498529,
      18.384776310850235,
      33.13608305156178,
      23.769728648009426,
      33.54101966249684,
      29.120439557122072,
      33.95585369269929,
      25.079872407968907,
      26.419689627245813,
      30.870698080866262,
      2.8284271247461903,
      2.0,
      0.0,
      3.0,
      3.605551275463989,
      3.0,
      4.242640687119285,
      5.0,
      5.830951894845301,
      8.246211251235321,
      8.54400374531753,
      24.758836806279895,
      21.633307652783937,
      23.323807579381203,
      21.18962010041709,
      28.600699292150182,
      24.041630560342615,
      28.635642126552707,
      30.463092423455635,
      28.861739379323623,
      23.08679276123039
    ],
    [
      13.0,
      21.400934559032695,
      22.67156809750927,
      17.804493814764857,
      19.1049731745428,
      17.204650534085253,
      18.439088914585774,
      16.278820596099706,
      16.401219466856727,
      18.027756377319946,
      13.038404810405298,
      15.652475842498529,
      30.14962686336267,
      20.8806130178211,
      30.59411708155671,
      26.248809496813376,
      31.04834939252005,
      22.360679774997898,
      23.853720883753127,
      28.178005607210743,
      5.385164807134504,
      3.605551275463989,
      3.0,
      0.0,
      5.830951894845301,
      4.242640687119285,
      3.0,
      5.830951894845301,
      5.0,
      9.433981132056603,
      8.0,
      26.90724809414742,
      23.430749027719962,
      25.0,
      22.360679774997898,
      30.479501308256342,
      25.079872407968907,
      30.01666203960727,
      31.76476034853718,
      29.732137494637012,
      25.96150997149434
    ],
    [
      15.0,
      26.90724809414742,
      28.284271247461902,
      23.345235059857504,
      24.758836806279895,
      22.67156809750927,
      24.20743687382041,
      21.93171219946131,
      22.20360331117452,
      23.853720883753127,
      18.867962264113206,
      21.470910553583888,
      35.0,
      25.179356624028344,
      35.12833614050059,
      30.4138126514911,
      35.35533905932738,
      25.96150997149434,
      26.92582403567252,
      31.622776601683793,
      5.0,
      5.385164807134504,
      3.605551275463989,
      5.830951894845301,
      0.0,
      2.0,
      5.0,
      2.8284271247461903,
      5.385164807134504,
      5.0,
      7.0710678118654755,
      21.213203435596427,
      18.027756377319946,
      19.72308292331602,
      17.72004514666935,
      25.0,
      20.615528128088304,
      25.079872407968907,
      26.92582403567252,
      25.495097567963924,
      22.360679774997898
    ],
    [
      15.132745950421556,
      25.612496949731394,
      26.90724809414742,
      22.02271554554524,
      23.345235059857504,
      21.400934559032695,
      22.67156809750927,
      20.518284528683193,
      20.615528128088304,
      22.20360331117452,
      17.204650534085253,
      19.72308292331602,
      33.0,
      23.194827009486403,
      33.13608305156178,
      28.442925306655784,
      33.37663853655727,
      24.041630560342615,
      25.079872407968907,
      29.732137494637012,
      5.385164807134504,
      5.0,
      3.0,
      4.242640687119285,
      2.0,
      0.0,
      3.0,
      2.0,
      3.605551275463989,
      5.385164807134504,
      5.830951894845301,
      22.67156809750927,
      19.209372712298546,
      20.808652046684813,
      18.384776310850235,
      26.248809496813376,
      21.18962010041709,
      25.942243542145693,
      27.730849247724095,
      25.96150997149434,
      24.166091947189145
    ],
    [
      15.811388300841896,
      23.853720883753127,
      25.0,
      20.248456731316587,
      21.400934559032695,
      19.72308292331602,
      20.518284528683193,
      18.601075237738275,
      18.384776310850235,
      19.849433241279208,
      14.866068747318506,
      17.204650534085253,
      30.0,
      20.223748416156685,
      30.14962686336267,
      25.495097567963924,
      30.4138126514911,
      21.18962010041709,
      22.360679774997898,
      26.92582403567252,
      7.0710678118654755,
      5.830951894845301,
      4.242640687119285,
      3.0,
      5.0,
      3.0,
      0.0,
      3.605551275463989,
      2.0,
      7.0710678118654755,
      5.0,
      25.0,
      21.213203435596427,
      22.67156809750927,
      19.72308292331602,
      28.284271247461902,
      22.360679774997898,
      27.459060435491963,
      29.154759474226502,
      26.92582403567252,
      26.92582403567252
    ],
    [
      17.11724276862369,
      27.202941017470888,
      28.42534080710379,
      23.600847442411894,
      24.839484696748443,
      23.021728866442675,
      24.041630560342615,
      22.02271554554524,
      21.93171219946131,
      23.430749027719962,
      18.439088914585774,
      20.808652046684813,
      33.06055050963308,
      23.021728866442675,
      33.015148038438355,
      28.160255680657446,
      33.13608305156178,
      23.53720459187964,
      24.351591323771842,
      29.120439557122072,
      7.280109889280518,
      7.0,
      5.0,
      5.830951894845301,
      2.8284271247461903,
      2.0,
      3.605551275463989,
      0.0,
      3.0,
      3.605551275463989,
      4.242640687119285,
      21.400934559032695,
      17.69180601295413,
      19.209372712298546,
      16.55294535724685,
      24.758836806279895,
      19.313207915827967,
      24.186773244895647,
      25.942243542145693,
      24.041630560342615,
      25.059928172283335
    ],
    [
      17.72004514666935,
      25.553864678361276,
      26.627053911388696,
      21.95449840010015,
      23.021728866442675,
      21.470910553583888,
      22.02271554554524,
      20.248456731316587,
      19.849433241279208,
      21.213203435596427,
      16.278820596099706,
      18.439088914585774,
      30.066592756745816,
      20.024984394500787,
      30.01666203960727,
      25.179356624028344,
      30.14962686336267,
      20.615528128088304,
      21.540659228538015,
      26.248809496813376,
      8.602325267042627,
      7.615773105863909,
      5.830951894845301,
      5.0,
      5.385164807134504,
      3.605551275463989,
      2.0,
      3.0,
      0.0,
      5.830951894845301,
      3.0,
      23.853720883753127,
      19.849433241279208,
      21.213203435596427,
      18.027756377319946,
      26.90724809414742,
      20.591260281974,
      25.80697580112788,
      27.459060435491963,
      25.079872407968907,
      27.730849247724095
    ],
    [
      20.0,
      30.805843601498726,
      32.01562118716424,
      27.202941017470888,
      28.42534080710379,
      26.627053911388696,
      27.586228448267445,
      25.612496949731394,
      25.45584412271571,
      26.90724809414742,
      21.93171219946131,
      24.20743687382041,
      35.35533905932738,
      25.079872407968907,
      35.05709628591621,
      30.0,
      35.0,
      25.079872407968907,
      25.495097567963924,
      30.4138126514911,
      10.0,
      10.198039027185569,
      8.246211251235321,
      9.433981132056603,
      5.0,
      5.385164807134504,
      7.0710678118654755,
      3.605551275463989,
      5.830951894845301,
      0.0,
      5.0,
      18.027756377319946,
      14.142135623730951,
      15.620499351813308,
      13.0,
      21.213203435596427,
      15.811388300841896,
      20.591260281974,
      22.360679774997898,
      20.615528128088304,
      25.0
    ],
    [
      20.615528128088304,
      28.178005607210743,
      29.154759474226502,
      24.596747752497688,
      25.553864678361276,
      24.166091947189145,
      24.413111231467404,
      22.825424421026653,
      22.20360331117452,
      23.430749027719962,
      18.601075237738275,
      20.518284528683193,
      30.4138126514911,
      20.09975124224178,
      30.066592756745816,
      25.0,
      30.0,
      20.09975124224178,
      20.615528128088304,
      25.495097567963924,
      11.180339887498949,
      10.44030650891055,
      8.54400374531753,
      8.0,
      7.0710678118654755,
      5.830951894845301,
      5.0,
      4.242640687119285,
      3.0,
      5.0,
      0.0,
      22.360679774997898,
      18.027756377319946,
      19.209372712298546,
      15.620499351813308,
      25.0,
      18.027756377319946,
      23.430749027719962,
      25.0,
      22.360679774997898,
      29.154759474226502
    ],
    [
      33.54101966249684,
      48.104053883222775,
      49.49747468305833,
      44.553338819890925,
      45.967379738244816,
      43.86342439892262,
      45.34313619501854,
      43.139309220245984,
      43.278170016764804,
      44.82186966202994,
      39.824615503479755,
      42.20189569201838,
      52.20153254455275,
      41.7612260356422,
      51.419840528729765,
      46.09772228646444,
      50.99019513592785,
      40.792156108742276,
      40.311288741492746,
      45.27692569068709,
      25.0,
      26.248809496813376,
      24.758836806279895,
      26.90724809414742,
      21.213203435596427,
      22.67156809750927,
      25.0,
      21.400934559032695,
      23.853720883753127,
      18.027756377319946,
      22.360679774997898,
      0.0,
      5.0,
      5.385164807134504,
      10.198039027185569,
      5.0,
      11.180339887498949,
      9.433981132056603,
      11.180339887498949,
      14.142135623730951,
      25.495097567963924
    ],
    [
      31.622776601683793,
      44.82186966202994,
      46.09772228646444,
      41.23105625617661,
      42.5205832509386,
      40.607881008493905,
      41.72529209005013,
      39.698866482558415,
      39.59797974644666,
      41.036569057366385,
      36.069377593742864,
      38.28837943815329,
      47.43416490252569,
      37.0,
      46.57252408878007,
      41.23105625617661,
      46.09772228646444,
      35.90264614203248,
      35.35533905932738,
      40.311288741492746,
      22.360679774997898,
      23.323807579381203,
      21.633307652783937,
      23.430749027719962,
      18.027756377319946,
      19.209372712298546,
      21.213203435596427,
      17.69180601295413,
      19.849433241279208,
      14.142135623730951,
      18.027756377319946,
      5.0,
      0.0,
      2.0,
      5.385164807134504,
      7.0710678118654755,
      7.0710678118654755,
      8.0,
      10.0,
      11.180339887498949,
      26.92582403567252
    ],
    [
      33.52610922848042,
      46.400431032480725,
      47.634021455258214,
      42.80186911806539,
      44.04543109109048,
      42.20189569201838,
      43.18564576337837,
      41.23105625617661,
      41.036569057366385,
      42.42640687119285,
      37.48332962798263,
      39.6232255123179,
      48.104053883222775,
      37.69615364994153,
      47.12748667179272,
      41.7612260356422,
      46.57252408878007,
      36.40054944640259,
      35.6931365951495,
      40.607881008493905,
      24.166091947189145,
      25.059928172283335,
      23.323807579381203,
      25.0,
      19.72308292331602,
      20.808652046684813,
      22.67156809750927,
      19.209372712298546,
      21.213203435596427,
      15.620499351813308,
      19.209372712298546,
      5.385164807134504,
      2.0,
      0.0,
      5.0,
      5.830951894845301,
      5.830951894845301,
      6.0,
      8.0,
      9.433981132056603,
      28.792360097775937
    ],
    [
      32.38826948140329,
      43.56604182158393,
      44.654227123532216,
      39.96248240537617,
      41.048751503547585,
      39.44616584663204,
      40.0,
      38.27531841800928,
      37.8021163428716,
      39.05124837953327,
      34.20526275297414,
      36.124783736376884,
      43.46262762420146,
      33.1058907144937,
      42.37924020083418,
      37.0,
      41.7612260356422,
      31.622776601683793,
      30.805843601498726,
      35.6931365951495,
      22.561028345356956,
      23.08679276123039,
      21.18962010041709,
      22.360679774997898,
      17.72004514666935,
      18.384776310850235,
      19.72308292331602,
      16.55294535724685,
      18.027756377319946,
      13.0,
      15.620499351813308,
      10.198039027185569,
      5.385164807134504,
      5.0,
      0.0,
      10.44030650891055,
      3.0,
      7.810249675906654,
      9.433981132056603,
      8.0,
      30.886890422961002
    ],
    [
      38.07886552931954,
      51.85556864985669,
      53.150729063673246,
      48.27007354458868,
      49.57822102496216,
      47.634021455258214,
      48.79549159502341,
      46.75467891024384,
      46.66904755831214,
      48.104053883222775,
      43.139309220245984,
      45.34313619501854,
      53.85164807134504,
      43.46262762420146,
      52.81098370604357,
      47.43416490252569,
      52.20153254455275,
      42.05948168962618,
      41.23105625617661,
      46.09772228646444,
      29.154759474226502,
      30.23243291566195,
      28.600699292150182,
      30.479501308256342,
      25.0,
      26.248809496813376,
      28.284271247461902,
      24.758836806279895,
      26.90724809414742,
      21.213203435596427,
      25.0,
      5.0,
      7.0710678118654755,
      5.830951894845301,
      10.44030650891055,
      0.0,
      10.0,
      5.830951894845301,
      7.0710678118654755,
      11.180339887498949,
      30.4138126514911
    ],
    [
      35.35533905932738,
      46.14108798023731,
      47.16990566028302,
      42.5440947723653,
      43.56604182158393,
      42.05948168962618,
      42.43819034784589,
      40.8166632639171,
      40.22437072223753,
      41.400483088968905,
      36.61966684720111,
      38.41874542459709,
      44.721359549995796,
      34.48187929913333,
      43.46262762420146,
      38.07886552931954,
      42.720018726587654,
      32.69556544854363,
      31.622776601683793,
      36.40054944640259,
      25.495097567963924,
      25.96150997149434,
      24.041630560342615,
      25.079872407968907,
      20.615528128088304,
      21.18962010041709,
      22.360679774997898,
      19.313207915827967,
      20.591260281974,
      15.811388300841896,
      18.027756377319946,
      11.180339887498949,
      7.0710678118654755,
      5.830951894845301,
      3.0,
      10.0,
      0.0,
      5.830951894845301,
      7.0710678118654755,
      5.0,
      33.54101966249684
    ],
    [
      39.293765408777,
      51.31276644267,
      52.43090691567332,
      47.70744176750625,
      48.82622246293481,
      47.16990566028302,
      47.80167361086848,
      46.04345773288535,
      45.60701700396552,
      46.861498055439924,
      42.01190307520001,
      43.93176527297759,
      50.53711507397311,
      40.311288741492746,
      49.24428900898052,
      43.86342439892262,
      48.46648326421054,
      38.48376280978771,
      37.33630940518894,
      42.05948168962618,
      29.732137494637012,
      30.463092423455635,
      28.635642126552707,
      30.01666203960727,
      25.079872407968907,
      25.942243542145693,
      27.459060435491963,
      24.186773244895647,
      25.80697580112788,
      20.591260281974,
      23.430749027719962,
      9.433981132056603,
      8.0,
      6.0,
      7.810249675906654,
      5.830951894845301,
      5.830951894845301,
      0.0,
      2.0,
      5.385164807134504,
      34.48187929913333
    ],
    [
      41.23105625617661,
      53.0,
      54.08326913195984,
      49.39635614091387,
      50.47771785649585,
      48.877397639399746,
      49.4064773081425,
      47.70744176750625,
      47.20169488482379,
      48.41487374764082,
      43.60045871318328,
      45.45327270945405,
      51.478150704935004,
      41.340053217188775,
      50.08991914547278,
      44.721359549995796,
      49.24428900898052,
      39.35733730830886,
      38.07886552931954,
      42.720018726587654,
      31.622776601683793,
      32.31098884280702,
      30.463092423455635,
      31.76476034853718,
      26.92582403567252,
      27.730849247724095,
      29.154759474226502,
      25.942243542145693,
      27.459060435491963,
      22.360679774997898,
      25.0,
      11.180339887498949,
      10.0,
      8.0,
      9.433981132056603,
      7.0710678118654755,
      7.0710678118654755,
      2.0,
      0.0,
      5.0,
      36.40054944640259
    ],
    [
      40.311288741492746,
      50.53711507397311,
      51.478150704935004,
      46.95742752749558,
      47.885279575251516,
      46.51881339845203,
      46.647615158762406,
      45.17742799230607,
      44.41846462902562,
      45.48626166217664,
      40.8166632639171,
      42.43819034784589,
      47.16990566028302,
      37.20215047547655,
      45.65084884205331,
      40.311288741492746,
      44.721359549995796,
      34.9857113690718,
      33.54101966249684,
      38.07886552931954,
