{
  "name": "r-n81-k18",
  "n": 82,
  "m": 18,
  "prob_compat": 0.3,
  "layout": "R",
  "coords": [
    [
      50.0,
      50.0
    ],
    [
      76.40211380549509,
      46.92037101382426
    ],
    [
      9.010549233469012,
      8.980190601697958
    ],
    [
      55.61956463771123,
      41.09730375711275
    ],
    [
      69.79324821652212,
      91.57019989699347
    ],
    [
      6.734286989910155,
      70.1555097047808
    ],
    [
      11.078753610950587,
      93.79189789375049
    ],
    [
      29.875060989336188,
      73.42115932077557
    ],
    [
      89.39978976343718,
      36.69079756363253
    ],
    [
      78.40449290430325,
      37.956664277465755
    ],
    [
      63.33253705111195,
      36.05664070992006
    ],
    [
      72.31215087463677,
      7.281302170746007
    ],
    [
      66.6976227072992,
      49.42428713031397
    ],
    [
      79.56962831040792,
      55.298663251296496
    ],
    [
      48.93355644568754,
      47.53411061753585
    ],
    [
      95.6484014417971,
      58.080577065553264
    ],
    [
      69.72309683740164,
      65.30137967372369
    ],
    [
      48.43336405398452,
      34.43993423436348
    ],
    [
      48.48431490760737,
      6.511952338202964
    ],
    [
      19.871420053156818,
      18.413504591469454
    ],
    [
      43.2276363321368,
      49.65905174045927
    ],
    [
      37.59531331268576,
      70.5075847911689
    ],
    [
      13.833112047966445,
      96.2069711841612
    ],
    [
      54.80122379169693,
      37.904840492379954
    ],
    [
      86.69150396719232,
      19.818194143381206
    ],
    [
      86.78012774967301,
      21.6991564288915
    ],
    [
      74.48988332290986,
      2.0111880335667687
    ],
    [
      80.52226920129166,
      76.17937608373924
    ],
    [
      78.92229078739948,
      12.406597332779668
    ],
    [
      53.72813358875106,
      17.928845965255704
    ],
    [
      18.47753918317805,
      76.33081798419549
    ],
    [
      92.52498718104825,
      96.44300001597445
    ],
    [
      81.49185458093947,
      58.17036125720065
    ],
    [
      79.6808281612768,
      39.90561246540224
    ],
    [
      31.45189653061108,
      62.46010352534861
    ],
    [
      4.772090372257232,
      44.58747065070834
    ],
    [
      0.27862702394528815,
      40.39735808931244
    ],
    [
      18.253622627528586,
      39.14224694360059
    ],
    [
      2.825552058928771,
      44.5887927359334
    ],
    [
      95.41674791273176,
      72.57759744437953
    ],
    [
      66.38259458455535,
      91.20286404503982
    ],
    [
      79.65567878085751,
      30.274343494391243
    ],
    [
      94.06272649366471,
      11.148625656559064
    ],
    [
      51.63682431056157,
      10.21461837565749
    ],
    [
      44.651857159003214,
      31.231211971521113
    ],
    [
      17.73243624194726,
      1.5129875056833497
    ],
    [
      97.83123313866162,
      57.084883486854345
    ],
    [
      73.28000451987684,
      16.620967593226155
    ],
    [
      0.6489730512010516,
      86.39988099257803
    ],
    [
      8.053004010739695,
      53.36480843359186
    ],
    [
      56.58772386877962,
      81.75852011672325
    ],
    [
      26.347603986918212,
      48.201040815931115
    ],
    [
      30.582619491186236,
      56.95375245519293
    ],
    [
      71.65661363431207,
      50.53109492791725
    ],
    [
      40.82466683012051,
      69.75772823324287
    ],
    [
      87.83490941320974,
      36.56130922491979
    ],
    [
      93.9770884608505,
      3.575850170201622
    ],
    [
      18.514784499663996,
      13.756726874393365
    ],
    [
      60.17268485137812,
      6.299034404826731
    ],
    [
      95.72244295239959,
      50.868845605611966
    ],
    [
      40.52525960826004,
      76.86901922879768
    ],
    [
      76.28358901834754,
      76.7125295535963
    ],
    [
      90.31277488064524,
      53.43401715750975
    ],
    [
      41.161253422621826,
      14.116746170718542
    ],
    [
      89.6738115689157,
      28.074360456247206
    ],
    [
      52.615700594361456,
      53.237141150002664
    ],
    [
      75.04947274341632,
      14.444582929274219
    ],
    [
      67.31715420871866,
      73.43214765745894
    ],
    [
      33.82505490198717,
      25.82792545764918
    ],
    [
      51.741631700742175,
      28.78448586834369
    ],
    [
      88.93105623762487,
      7.942029341346957
    ],
    [
      55.40614434092207,
      5.718819183844204
    ],
    [
      72.62361022707864,
      12.29300397674331
    ],
    [
      52.0399625900618,
      84.80203107278004
    ],
    [
      63.44964094687896,
      42.249950022533056
    ],
    [
      12.420914898264234,
      20.972213578656962
    ],
    [
      36.13912764382534,
      75.4244672956189
    ],
    [
      78.2177335068684,
      45.8338898292877
    ],
    [
      55.898394029423834,
      94.85902184673961
    ],
    [
      29.537509272889285,
      32.149724553709014
    ],
    [
      48.42814240692659,
      97.45181168554035
    ],
    [
      60.83652969107292,
      63.255003088480045
    ]
  ],
  "c": [
    [
      0.0,
      26.581116005367576,
      57.98930795599217,
      10.527939357278486,
      46.04187435842346,
      47.73014240216523,
      58.58834134547385,
      30.87982956740679,
      41.58699680062578,
      30.852182296821134,
      19.29180687523933,
      48.1945974241892,
      16.707544684472225,
      30.040618346936828,
      2.6866172598797924,
      46.35808753501173,
      24.96262744137658,
      15.638733798433988,
      43.51445266499432,
      43.65132325378513,
      6.78094059592601,
      23.967421341842616,
      58.67817285966609,
      13.01324838050547,
      47.51008175262508,
      46.408140925042666,
      53.87652976129238,
      40.2115487059374,
      47.43166482942235,
      32.28711664388552,
      41.07283179505533,
      62.970840753733945,
      32.534469536480906,
      31.35041020525704,
      22.344715755040657,
      45.55062330256536,
      50.64015859265092,
      33.551799917576936,
      47.483783575021974,
      50.719117671042724,
      44.340336160610434,
      35.616861295328476,
      58.74481385134932,
      39.81903796952176,
      19.51589188086667,
      58.24247635106202,
      48.353101633579854,
      40.69543481593414,
      61.32271355032264,
      42.081734853945726,
      32.43457577610048,
      23.720710177091938,
      20.624968824998557,
      21.6631247960291,
      21.784273311657042,
      40.15070086628642,
      63.94674344259478,
      48.00930786795326,
      44.86934266329267,
      45.730697373010024,
      28.490610730701583,
      37.47514225239385,
      40.458772749746785,
      36.955802608464026,
      45.32929509498692,
      4.161847237031106,
      43.493261176835375,
      29.136735811162872,
      29.08467013058071,
      21.28688142616336,
      57.31055780308922,
      44.609969413887384,
      43.973233776977025,
      34.8617672265707,
      15.522761231597892,
      47.48473461657553,
      28.957336198969713,
      28.523621057277353,
      45.24514220524237,
      27.154113137157523,
      47.47783870957993,
      17.1209077627654
    ],
    [
      26.581116005367576,
      0.0,
      77.33744413393975,
      21.5829206130111,
      45.13628610851144,
      73.44030067472708,
      80.3995113117104,
      53.5449196903636,
      16.54036738650425,
      9.184637200825224,
      16.995130851355,
      39.84951160958051,
      10.022312277782017,
      8.957060285345896,
      27.47541300381491,
      22.24791646191437,
      19.556859334141002,
      30.626985892652577,
      49.11459859519571,
      63.31161638548362,
      33.28732983813509,
      45.41282217905933,
      79.6495382113687,
      23.406799011639738,
      28.989645410325565,
      27.272932342613554,
      44.94987587716764,
      29.547674327547718,
      34.605662336191266,
      36.80513420042206,
      64.96330299617927,
      52.08106977749908,
      12.347782863222259,
      7.743177985780054,
      47.56054372680161,
      71.6680031893622,
      76.40245373935404,
      58.666397880949205,
      73.6134953368757,
      31.935083816092803,
      45.40187170677477,
      16.961011680516773,
      39.893796590780404,
      44.27902257844172,
      35.415088713326476,
      74.18868877710439,
      23.717598301882834,
      30.459832797234718,
      85.42347477305289,
      68.65225111671742,
      40.07875598718145,
      50.070890428671596,
      46.90516818397502,
      5.962977365251452,
      42.27646648021712,
      15.42786364193436,
      46.772077367801636,
      66.71409286476539,
      43.74342638703801,
      19.719674691706267,
      46.73403681465889,
      29.792394307676588,
      15.36014575558599,
      48.14557137860542,
      23.050164326092975,
      24.610872361704452,
      32.50394513832781,
      28.02518138526553,
      47.515231288640415,
      30.61126765831336,
      40.94246594923177,
      46.24282222092219,
      34.83291026045377,
      45.03925599591898,
      13.768783003195347,
      69.04274536753928,
      49.33144594978571,
      2.1158724593809675,
      52.13939746809346,
      49.137187087248414,
      57.757852904753065,
      22.563413169055906
    ],
    [
      57.98930795599217,
      77.33744413393975,
      0.0,
      56.60308537871947,
      102.54582454230618,
      61.21765298641777,
      84.83692099044985,
      67.73452812461204,
      85.03121621606911,
      75.20076758167686,
      60.69606668412038,
      63.32439492200391,
      70.45227739392881,
      84.40369985241955,
      55.500011292381544,
      99.58396149065395,
      82.81358448374672,
      46.929275236399185,
      39.55085810222282,
      14.38561530806259,
      53.15617361195633,
      67.84326770734899,
      87.35999291941913,
      54.16106763899758,
      78.43336693724368,
      78.80278823938488,
      65.84914721992405,
      98.13081382627006,
      69.9956560808624,
      45.60417506531059,
      68.01272607037538,
      120.93140359864395,
      87.59687502411676,
      77.14058621233205,
      57.99754438622554,
      35.85865203834128,
      32.608049288756824,
      31.546537821765494,
      36.14175889470998,
      107.28775012700095,
      100.26025940489852,
      73.78465474734365,
      85.07981527534544,
      42.644145423224096,
      42.01679167479442,
      11.481743555130977,
      101.01076856930332,
      64.72205463245,
      77.86991984374711,
      44.394945578712516,
      86.94982917335976,
      42.8817975258898,
      52.600540416567924,
      75.17318029218403,
      68.60063526679203,
      83.51046558518118,
      85.13823866969332,
      10.637000834801103,
      51.23234056274752,
      96.29959465314505,
      74.84697737628873,
      95.46377125272548,
      92.66172128035696,
      32.55843950455925,
      82.89239538722155,
      62.12959759278527,
      66.26461349666461,
      86.91211050283766,
      29.993430303140613,
      47.0972984345534,
      79.92724953733752,
      46.51008265849369,
      63.69926421423232,
      87.1807427488132,
      63.800404375687975,
      12.467526179941506,
      71.76908576779543,
      78.40809589455613,
      97.84499806134134,
      30.95453750281774,
      96.85543035261985,
      75.04457022907985
    ],
    [
      10.527939357278486,
      21.5829206130111,
      56.60308537871947,
      0.0,
      52.42524726636432,
      56.86958504859773,
      68.9971310863472,
      41.32325140404288,
      34.06641904248092,
      23.000360267936276,
      9.21402341028144,
      37.71159501488042,
      13.858644330912488,
      27.843925035979908,
      9.280904487289899,
      43.48263271879163,
      28.01333452991218,
      9.796022039174114,
      35.31371293818355,
      42.33774422221201,
      15.061985780793814,
      34.49403232922827,
      69.16056003210844,
      3.295679510650842,
      37.65987147678754,
      36.705160580249895,
      43.40291890685908,
      43.022046596037505,
      36.961786768697095,
      23.245536084720264,
      51.19502495023548,
      66.52184834684336,
      30.997817331350564,
      24.09075612107694,
      32.25593582075528,
      50.967115909389626,
      55.345363851984985,
      37.417053190388906,
      52.90934000210044,
      50.742730388324034,
      51.248512031119084,
      26.360410693894845,
      48.73191986217679,
      31.138440501789013,
      14.752300649736856,
      54.793727662664836,
      45.13787393363772,
      30.182481157770454,
      71.23264310374985,
      49.12300236006342,
      40.67274084862931,
      30.121599568123937,
      29.635714730455717,
      18.60600323480905,
      32.253820429353965,
      32.53311674894251,
      53.65779638708081,
      46.08982375072304,
      35.09487788259634,
      41.276190221720725,
      38.82594071119589,
      41.175796435989426,
      36.82137062201726,
      30.610345487516373,
      36.45941286237352,
      12.505952627318635,
      32.983160196118895,
      34.38569080055681,
      26.61117374849707,
      12.909060702685565,
      46.99923078302294,
      35.3791282951415,
      33.44884530507258,
      43.85107456558357,
      7.914460715713808,
      47.65650631343428,
      39.4695019232838,
      23.089228741083275,
      53.76244114415002,
      27.574132545826718,
      56.811505151303926,
      22.763575378821137
    ],
    [
      46.04187435842346,
      45.13628610851144,
      102.54582454230618,
      52.42524726636432,
      0.0,
      66.5959574374286,
      58.756512990276086,
      43.85030610317188,
      58.276627149293816,
      54.300688178873074,
      55.888246012731145,
      84.32652696813064,
      42.25944699389605,
      37.56596835408699,
      48.726829363324946,
      42.30890905819446,
      26.26891389339232,
      60.99272010756451,
      87.68680696967057,
      88.56687301241843,
      49.62132681207502,
      38.47519677880534,
      56.15190547054299,
      55.72011841678817,
      73.71500103155033,
      71.90630564557726,
      89.68207729126237,
      18.761379185503895,
      79.68823871316074,
      75.3733170087591,
      53.53074588195968,
      23.24814266454197,
      35.38935732722175,
      52.60222268726341,
      48.13997257860836,
      80.21924840609356,
      86.3188409226016,
      73.51886327152246,
      81.80418661345549,
      31.89486925203947,
      3.4303780878175245,
      62.08421336189071,
      84.00379264744181,
      83.35698155360281,
      65.36729310731316,
      104.02225553767606,
      44.4450857396128,
      75.03029316511473,
      69.33731308401697,
      72.60516298075096,
      16.45159364345544,
      61.38735995238603,
      52.30460628402698,
      41.08138589851944,
      36.26241342799037,
      57.891964828534014,
      91.25712965464206,
      93.19022172417044,
      85.81216058260763,
      48.2589202200341,
      32.7527078302282,
      16.213417029019634,
      43.3061128301647,
      82.57619887114049,
      66.53539227729527,
      42.00585120208667,
      77.3045192011985,
      18.306282543967352,
      74.93835852732444,
      65.32921815635152,
      85.79001460739407,
      87.04854006978752,
      79.32770475747128,
      18.999664727771833,
      49.72653618412087,
      90.97065627214806,
      37.326726520774656,
      46.50572019673048,
      14.278771750324138,
      71.7726787010196,
      22.159898544135668,
      29.69803321853105
    ],
    [
      47.73014240216523,
      73.44030067472708,
      61.21765298641777,
      56.86958504859773,
      66.5959574374286,
      0.0,
      24.032337315396525,
      23.370063943150832,
      89.18224210844848,
      78.5708855916976,
      66.07643132554152,
      90.84944801547563,
      63.44592358684984,
      74.3351386076317,
      47.88012154606244,
      89.73028333291461,
      63.175570787780394,
      54.90369167167804,
      76.11548610763371,
      53.383699368509355,
      41.85533819355654,
      30.863034565018136,
      27.001332604457303,
      57.88381533861312,
      94.48281264166567,
      93.57005287876619,
      96.09614669938797,
      74.03346057681418,
      92.44482014918627,
      70.2569998186431,
      13.267946503528679,
      89.72779048960717,
      75.71220308139137,
      78.96995727400929,
      25.887825278941307,
      25.64322204086107,
      30.450338802144113,
      33.08349377901483,
      25.863782115650128,
      88.71553068288604,
      63.25276060086095,
      83.11460039625746,
      105.3948229812129,
      74.89424751716425,
      54.340068840180365,
      69.51802025966842,
      92.02985856425767,
      85.4065554900321,
      17.346776192378183,
      16.8424067092364,
      51.185886914803646,
      29.439444760670906,
      27.2585648479238,
      67.82349262797366,
      34.092700505370935,
      87.78314908527545,
      109.745876789237,
      57.61599453560201,
      83.26651069748382,
      91.05419986842183,
      34.451430168037106,
      69.85771197184005,
      85.23480481065344,
      65.76898232590803,
      93.00423570713768,
      48.90128126029046,
      88.15141500124605,
      60.67141136255785,
      51.950403571604454,
      61.13282826104732,
      103.08649772736207,
      80.75293668522657,
      87.68963727704228,
      47.61433428884031,
      63.2087939739697,
      49.51095186721883,
      29.873174722084592,
      75.50777654858345,
      55.02156789060691,
      44.32185297837157,
      49.83438252210906,
      54.54053223848416
    ],
    [
      58.58834134547385,
      80.3995113117104,
      84.83692099044985,
      68.9971310863472,
      58.756512990276086,
      24.032337315396525,
      0.0,
      27.7176507134216,
      96.92636567471882,
      87.46615622274471,
      77.87051949161715,
      105.98873578263651,
      71.14733645339487,
      78.56671706477104,
      59.77264408864923,
      91.80045625991102,
      65.19868572990927,
      70.12861407140467,
      94.95770064664208,
      75.88947990332565,
      54.600904477953996,
      35.28862670995768,
      3.663204798754185,
      70.95785780088303,
      105.77994546691131,
      104.53736852633048,
      111.55568149487569,
      71.64218577105298,
      105.95429525985136,
      87.02972055795827,
      18.963948416710757,
      81.4893692773319,
      78.9107005453564,
      87.23517862579254,
      37.373069057393884,
      49.606951745920796,
      54.47586268452348,
      55.11862747182907,
      49.890489003711934,
      86.96518743959248,
      55.364410253370664,
      93.47338863352807,
      117.11639595491985,
      92.89843244382593,
      70.99994862609475,
      92.51847812714469,
      94.19871342472784,
      99.11784954327644,
      12.783670693183101,
      40.540161850476686,
      47.07301301863543,
      48.07976747961495,
      41.682727161577844,
      74.43906365785791,
      38.242132060234994,
      95.7436563586412,
      122.51966857506503,
      80.3798678493293,
      100.32554632859606,
      94.90491327145293,
      33.9629288748526,
      67.40456500419232,
      88.92012519158448,
      85.16505502262862,
      102.44987975720392,
      58.05175500574677,
      101.92276143431661,
      59.81034301422468,
      71.66935029507209,
      76.67746261311896,
      115.89297198165315,
      98.5991113670347,
      102.12658363812702,
      41.936122215689025,
      73.47980831978128,
      72.83205215199584,
      31.070642951905,
      82.50826115593235,
      44.832342352059676,
      64.34658650364348,
      37.52828016837851,
      58.38097485300967
    ],
    [
      30.87982956740679,
      53.5449196903636,
      67.73452812461204,
      41.32325140404288,
      43.85030610317188,
      23.370063943150832,
      27.7176507134216,
      0.0,
      69.9450699509328,
      60.10687290706754,
      50.15485973906483,
      78.5836325309501,
      43.95168855002666,
      52.89588722213491,
      32.146003478250144,
      67.53862434344198,
      40.66690033018729,
      43.17344695384953,
      69.4488755159609,
      55.90988204958545,
      27.25672439864505,
      8.251739966562038,
      27.866419721792738,
      43.39035025406042,
      78.11136964914218,
      76.89832381883532,
      84.20134423568504,
      50.72225802718826,
      78.28414606707427,
      60.40170456187611,
      11.763061542789991,
      66.74592422629327,
      53.822673867563644,
      60.03254387913511,
      11.073895180770439,
      38.23010248644768,
      44.345465960376714,
      36.19532654030536,
      39.534558252988155,
      65.54711527903963,
      40.607745961909494,
      65.87683677637732,
      89.4311179168445,
      66.84789571180171,
      44.70285631112121,
      72.92618534891788,
      69.8921686693918,
      71.48601893500432,
      31.97829627109179,
      29.63881545687929,
      27.983529855123717,
      25.46561073884358,
      16.482600762931156,
      47.64087729391736,
      11.546193979040853,
      68.68764502010065,
      94.80209457758845,
      60.73631846820076,
      73.64323230900456,
      69.602331608192,
      11.194394515465044,
      46.52509636560714,
      63.65691723813154,
      60.36879623376477,
      75.0481361403383,
      30.40610595199153,
      74.28973038172751,
      37.442094831786186,
      47.756867165468684,
      49.70492462096643,
      88.17668080410378,
      72.3563616907482,
      74.59282698554755,
      24.9160009793992,
      45.81371747021053,
      55.27693122115395,
      6.576608084259984,
      55.66032181126283,
      33.71640271733404,
      41.27281513167604,
      30.359332719345353,
      32.58777802655567
    ],
    [
      41.58699680062578,
      16.54036738650425,
      85.03121621606911,
      34.06641904248092,
      58.276627149293816,
      89.18224210844848,
      96.92636567471882,
      69.9450699509328,
      0.0,
      11.067925350203234,
      26.074965366867467,
      34.01331830413284,
      26.029409243960604,
      21.044826909308718,
      41.89383578656294,
      22.28380162915934,
      34.723733284077696,
      41.02821493966259,
      50.84130979644874,
      71.89056706522571,
      47.95876738280842,
      61.86500528351166,
      96.18990437349824,
      34.61985943838745,
      17.08857975758133,
      15.218801956107395,
      37.74891557678321,
      40.47416713003431,
      26.448069223386145,
      40.30481214476576,
      81.24836519162534,
      59.83387465980035,
      22.889016914595416,
      10.236857402392026,
      63.419361869002984,
      84.99532310714554,
      89.19820759953379,
      71.18838881582576,
      86.93375041868616,
      36.38772033325454,
      59.172262640329286,
      11.666986828805149,
      25.964312520854428,
      46.119731397622424,
      45.07975762144862,
      79.83537988415516,
      22.068257249573882,
      25.741902636353974,
      101.72364741020053,
      83.03807675269694,
      55.747029377337334,
      64.09417938411994,
      62.20970068865765,
      22.50275828161921,
      58.761930464337574,
      1.57022856310492,
      33.429798148284384,
      74.50272189406353,
      42.164949062479046,
      15.523948905757628,
      63.26933849871094,
      42.1161934825784,
      16.76809303984915,
      53.25921689805517,
      8.620793256737135,
      40.33423734343723,
      26.47311209761781,
      42.866882319100796,
      56.62643503975346,
      38.47917142166632,
      28.75258919500846,
      45.98729578774728,
      29.608994102207994,
      60.91344249175379,
      26.538922353080167,
      78.56730272830222,
      65.85586762260485,
      14.44418631503182,
      67.12589539348295,
      60.034273291266615,
      73.28421879387774,
      39.00662560550269
    ],
    [
      30.852182296821134,
      9.184637200825224,
      75.20076758167686,
      23.000360267936276,
      54.300688178873074,
      78.5708855916976,
      87.46615622274471,
      60.10687290706754,
      11.067925350203234,
      0.0,
      15.191245597309548,
      31.274501943033698,
      16.387714413690162,
      17.381095158904838,
      30.98811988721947,
      26.501400860181057,
      28.689721117026572,
      30.176745264499054,
      43.40491861871394,
      61.709445856448646,
      37.07232270350481,
      52.201068621535995,
      86.96298914146358,
      23.60332600518021,
      19.941881836013444,
      18.288188005087484,
      36.15800645189725,
      38.281335847505694,
      25.555313254305446,
      31.78106693327233,
      71.16049082884126,
      60.1667667964396,
      20.448113548953746,
      2.3296846841267302,
      52.96191878326858,
      73.93036112315896,
      78.16398087251486,
      60.1625531482135,
      75.86937081061258,
      38.57493789780758,
      54.58648027578589,
      7.783541527591887,
      31.045953260272622,
      38.55034620807473,
      34.4161608619329,
      70.77598488390176,
      27.263290451734925,
      21.94247785014249,
      91.6114955304928,
      72.01904536910469,
      48.93438449712511,
      53.05531956758742,
      51.456981411393826,
      14.270605482087676,
      49.229574408938895,
      9.53308823278803,
      37.74315979149132,
      64.59422685585253,
      36.532237188977525,
      21.601755033313555,
      54.30476666881569,
      38.81385482781945,
      19.528328955685826,
      44.21991160581722,
      14.988578050617512,
      29.975903360156614,
      23.75024483250508,
      37.167714489793156,
      46.1999198912906,
      28.196400910916406,
      31.80702510388097,
      39.6005390483907,
      26.30669239107632,
      53.754784427789225,
      15.558917043203083,
      68.13445627594972,
      56.481832155204906,
      7.879439159407651,
      61.19152542229476,
      49.21079798365624,
      66.6202233128207,
      30.799988280164754
    ],
    [
      19.29180687523933,
      16.995130851355,
      60.69606668412038,
      9.21402341028144,
      55.888246012731145,
      66.07643132554152,
      77.87051949161715,
      50.15485973906483,
      26.074965366867467,
      15.191245597309548,
      0.0,
      30.14388117783962,
      13.784693405881297,
      25.17734227525901,
      18.41366226353721,
      39.10714594436846,
      29.934829403942775,
      14.986630569492188,
      33.06596908915169,
      46.905745306989004,
      24.274114170522935,
      43.00316539338869,
      77.89900725813166,
      8.729212356573493,
      28.448699131610127,
      27.49412418039952,
      35.827073893448436,
      43.64998035821372,
      28.32604761167207,
      20.51490941175443,
      60.28250317340944,
      67.07243498508697,
      28.61428750803209,
      16.795273317132857,
      41.39466256225698,
      59.178551644203296,
      63.203143886058285,
      45.18439433519144,
      61.10558772354034,
      48.61251760002915,
      55.23050605493509,
      17.317041231632885,
      39.5569685020685,
      28.365468704641525,
      19.29384782102321,
      57.2069328884232,
      40.40231461224472,
      21.83340327436641,
      80.3969591333426,
      57.92580981835612,
      46.19690775559058,
      38.9277757866767,
      38.84902031552857,
      16.697307443773,
      40.52613381683056,
      24.507569069186072,
      44.655238048734795,
      50.05913603763787,
      29.924902655365365,
      35.61611177776467,
      46.752776866442545,
      42.66885333269919,
      32.09215551407266,
      31.19174233873829,
      27.524162862301054,
      20.248955010380534,
      24.583889511864687,
      37.58730761145604,
      31.23008354924713,
      13.683322801172721,
      38.02256641717087,
      31.35619741525083,
      25.515377158638184,
      50.03633998991098,
      6.1944163215029935,
      53.099276945291074,
      47.84670610683624,
      17.809089641771127,
      59.27045224921694,
      34.02011017593129,
      63.17838236956744,
      27.31265217471266
    ],
    [
      48.1945974241892,
      39.84951160958051,
      63.32439492200391,
      37.71159501488042,
      84.32652696813064,
      90.84944801547563,
      105.98873578263651,
      78.5836325309501,
      34.01331830413284,
      31.274501943033698,
      30.14388117783962,
      0.0,
      42.51533967692365,
      48.562721751058106,
      46.54940671294589,
      55.9030135178014,
      58.07781499212294,
      36.163348235376475,
      23.840253061502807,
      53.609291916857835,
      51.39827472558028,
      72.130587300399,
      106.43106967222818,
      35.276531386186754,
      19.07719727040405,
      20.425397823927632,
      5.70233475299004,
      69.38552177405568,
      8.364364899038312,
      21.418120537014936,
      87.55570255581274,
      91.42410576097313,
      51.71037898565606,
      33.44612125727971,
      68.66047264612416,
      77.15834354961505,
      79.28115613403828,
      62.749057985457306,
      78.86847448281664,
      69.26347219678122,
      84.13078024848082,
      24.13726064449527,
      22.091711810155726,
      20.882372290742016,
      36.5881132049793,
      54.88368339917611,
      55.96088161839735,
      9.389680020239016,
      106.74905419037593,
      79.07545450488189,
      76.11907512335607,
      61.539942975140406,
      64.87454128348989,
      43.254760461846445,
      69.96260047336936,
      33.140230019408534,
      21.979533551530945,
      54.185678495112136,
      12.179141402160301,
      49.47641577410889,
      76.5039660523029,
      69.54471695835983,
      49.53882886438813,
      31.892032025926348,
      27.08834684744567,
      49.99889288705024,
      7.668475874565901,
      66.33916151338893,
      42.7227549644711,
      29.757909338799255,
      16.632034627727453,
      16.97805672043658,
      5.021370522124427,
      80.12755473211394,
      36.074234777773135,
      61.43615549460111,
      77.1490671550377,
      39.00228097683079,
      89.10257233896613,
      49.47836290718805,
      93.28004420369487,
      57.137947775332286
    ],
    [
      16.707544684472225,
      10.022312277782017,
      70.45227739392881,
      13.858644330912488,
      42.25944699389605,
      63.44592358684984,
      71.14733645339487,
      43.95168855002666,
      26.029409243960604,
      16.387714413690162,
      13.784693405881297,
      42.51533967692365,
      0.0,
      14.14909265844393,
      17.864344863341273,
      30.217196176627326,
      16.16278321774797,
      23.624435990422295,
      46.61751879193632,
      56.16370615155588,
      23.47116049266601,
      35.93674793795366,
      70.592322631663,
      16.559648486708657,
      35.72500566529857,
      34.234337750100096,
      48.049154950525065,
      30.11570413570895,
      38.98399501866243,
      34.06127511086139,
      55.218999064308456,
      53.645243191582686,
      17.186131308820794,
      16.09872017387178,
      37.57916607386508,
      62.114139683615626,
      67.029608647945,
      49.52314099620504,
      64.05484692783607,
      36.88988927964852,
      41.779764620421005,
      23.122101082395147,
      47.051834889747305,
      42.00268767825529,
      28.583277669713112,
      68.50607357970398,
      32.06222754316484,
      33.4572192953754,
      75.69424458214174,
      58.77685777758491,
      33.87790839683727,
      40.36855635616349,
      36.89154788536806,
      5.081005266188111,
      32.906818030747274,
      24.743506014357006,
      53.35024295619069,
      59.947983722164324,
      43.61607773127677,
      29.060745679506308,
      37.92368534498578,
      28.922982637832824,
      23.953149000941092,
      43.57440309237664,
      31.364384635964043,
      14.588981670092718,
      35.96294071704965,
      24.01585281375818,
      40.464725358045385,
      25.488881166537002,
      47.064883701308815,
      45.14050744196679,
      37.601190363008755,
      38.2940173730982,
      7.875309419451709,
      61.281983485982714,
      40.12269917606083,
      12.06664433939973,
      46.70051882783551,
      40.9790744486897,
      51.38498832683117,
      15.021355307039583
    ],
    [
      30.040618346936828,
      8.957060285345896,
      84.40369985241955,
      27.843925035979908,
      37.56596835408699,
      74.3351386076317,
      78.56671706477104,
      52.89588722213491,
      21.044826909308718,
      17.381095158904838,
      25.17734227525901,
      48.562721751058106,
      14.14909265844393,
      0.0,
      31.60470181638724,
      16.317658835771613,
      14.035972281121028,
      37.477373547884504,
      57.84842150887171,
      70.17400514782335,
      36.77697104088224,
      44.644757967022265,
      77.42595965341543,
      30.2658046741055,
      36.188185931163076,
      34.36448982412633,
      53.529046546881176,
      20.90243270669524,
      42.89695052829615,
      45.43441529767377,
      64.61110497923715,
      43.13580613912656,
      3.455662493970665,
      15.39345243614807,
      48.6477372385529,
      75.56058052010974,
      80.67906655719557,
      63.40885065044527,
      77.48777042958902,
      23.445527644718318,
      38.249307093386825,
      25.024467706213116,
      46.468007430556455,
      53.03595612075325,
      42.40864243625623,
      81.9557029029947,
      18.34875455264512,
      39.18575645364943,
      84.8277995207537,
      71.54276585145318,
      35.046996406297154,
      53.69320364184961,
      49.01496050521063,
      9.238263309854162,
      41.35500695515723,
      20.47933855421381,
      53.69193888293167,
      73.84731837173915,
      52.69919394682039,
      16.74922998924304,
      44.60653522013771,
      21.664526864017493,
      10.903765555287583,
      56.31299633257243,
      29.03889085344062,
      27.032648643741528,
      41.1033780279438,
      21.884843575431436,
      54.415901926002356,
      38.43694833883479,
      48.27304742936227,
      55.154645273961144,
      43.56298769429043,
      40.3525861312971,
      20.739404753435895,
      75.41389036533297,
      47.86706985580477,
      9.560834455726198,
      46.10151087096047,
      55.127908523805786,
      52.40877853180822,
      20.35269828515337
    ],
    [
      2.6866172598797924,
      27.47541300381491,
      55.500011292381544,
      9.280904487289899,
      48.726829363324946,
      47.88012154606244,
      59.77264408864923,
      32.146003478250144,
      41.89383578656294,
      30.98811988721947,
      18.41366226353721,
      46.54940671294589,
      17.864344863341273,
      31.60470181638724,
      0.0,
      47.89054914646208,
      27.347410104316676,
      13.10372647693574,
      41.02461807078984,
      41.14143248628362,
      6.088751852236548,
      25.619060735117642,
      60.00907058650103,
      11.276185668329726,
      46.8383883907103,
      45.8236600174736,
      52.20596061793594,
      42.64267823654292,
      46.187296705788,
      29.99099306645806,
      41.914428812227726,
      65.51558818895278,
      34.251607336499106,
      31.679468145936124,
      22.986815735774886,
      44.25966304490853,
      49.17555687212727,
      31.80694444627663,
      46.20198010857384,
      52.800220846206564,
      47.02583287815116,
      35.238450049943076,
      57.970212222008534,
      37.41727085639572,
      16.855783964082548,
      55.60084238970247,
      49.82168251245566,
      39.349357624624865,
      61.98345828061409,
      41.29426842079516,
      35.06988001845448,
      22.59579705076411,
      20.627325067924374,
      22.919843868451043,
      23.65678065009299,
      40.419273040290385,
      62.93844959924481,
      45.45561944617734,
      42.73932050919306,
      46.90757250144884,
      30.516164879246816,
      39.992554473724404,
      41.79771064865119,
      34.309312742370196,
      45.14920003549887,
      6.788427121643291,
      42.15397877664941,
      31.759486602181575,
      26.446649940801215,
      18.958737164525736,
      56.279062620004375,
      42.313272051994545,
      42.4635637391978,
      37.39716104455276,
      15.44794686809577,
      45.1520472080129,
      30.685002916679224,
      29.33349240849753,
      47.83467555466266,
      24.756534096886114,
      49.920259647414035,
      19.71870259837979
    ],
    [
      46.35808753501173,
      22.24791646191437,
      99.58396149065395,
      43.48263271879163,
      42.30890905819446,
      89.73028333291461,
      91.80045625991102,
      67.53862434344198,
      22.28380162915934,
      26.501400860181057,
      39.10714594436846,
      55.9030135178014,
      30.217196176627326,
      16.317658835771613,
      47.89054914646208,
      0.0,
      26.912105252782613,
      52.80283845594312,
      69.88400471406044,
      85.53144186226812,
      53.09292517354246,
      59.368270669936805,
      90.26274706147426,
      45.558229423990205,
      39.29676779651866,
      37.44668270781991,
      59.92878503196546,
      23.58742042822716,
      48.640263180342345,
      58.04713918206244,
      79.29951623640108,
      38.48936491124855,
      14.156831574357584,
      24.192824032872405,
      64.34571854306998,
      91.87256301165274,
      96.99530971069491,
      79.67817854041097,
      93.79823885314498,
      14.498871101628314,
      44.19924598629306,
      32.077309792495825,
      46.95873111677239,
      65.02437176075985,
      57.63276789066781,
      96.2849407832716,
      2.3991998498454983,
      47.10885690031597,
      99.13059250025286,
      87.72224418524124,
      45.676925461305736,
      70.00146973021171,
      65.0755385267533,
      25.151551895377608,
      56.05352563545509,
      22.893875732992882,
      54.53034513935474,
      88.96178144767622,
      62.76826131038178,
      7.2121115351607905,
      58.237155875968256,
      26.872767139096034,
      7.075268883873367,
      70.01191131666911,
      30.595240795812213,
      43.3044133281232,
      48.25366149612229,
      32.22313283062462,
      69.73062249200323,
      52.78319229195253,
      50.586526807881654,
      66.03932877487209,
      51.2507839924863,
      51.144227859513855,
      35.87992377339038,
      91.12543638869207,
      61.985193363210016,
      21.302805752310228,
      54.1545666569912,
      71.01449975434578,
      61.48046013834266,
      35.19433334296319
    ],
    [
      24.96262744137658,
      19.556859334141002,
      82.81358448374672,
      28.01333452991218,
      26.26891389339232,
      63.175570787780394,
      65.19868572990927,
      40.66690033018729,
      34.723733284077696,
      28.689721117026572,
      29.934829403942775,
      58.07781499212294,
      16.16278321774797,
      14.035972281121028,
      27.347410104316676,
      26.912105252782613,
      0.0,
      37.49241972180394,
      62.508260448518534,
      68.43728887039501,
      30.768357943800535,
      32.54687459551098,
      63.86584365976328,
      31.19667697539325,
      48.54530880023204,
      46.81982673434798,
      63.469446281232145,
      15.328174374051116,
      53.688762029176274,
      49.99995799283854,
      52.41903937251099,
      38.596978130218574,
      13.760635249975648,
      27.278222178465725,
      38.37652437459405,
      68.17403661108082,
      73.774959700083,
      57.73566489296702,
      70.03065582331287,
      26.704064309142545,
      26.11600750380511,
      36.40809590697829,
      59.37119115739198,
      57.97986309250181,
      42.3006310386489,
      82.29208810411511,
      29.284435045242844,
      48.81018451705239,
      72.22452031500839,
      62.814664547538925,
      21.05648343350375,
      46.624617629248924,
      40.02074271011418,
      14.896301509976798,
      29.24001195912298,
      33.971008289178165,
      66.31965848947429,
      72.65770767566787,
      59.770286232649994,
      29.73657744318711,
      31.405795384539452,
      13.162613693228598,
      23.76487187038186,
      58.61438053999511,
      42.23602701624071,
      20.933438737427252,
      51.13495922945886,
      8.479265766435688,
      53.355627655808775,
