{
  "name": "r-n61-k14",
  "n": 62,
  "m": 14,
  "prob_compat": 0.7,
  "layout": "R",
  "coords": [
    [
      50.0,
      50.0
    ],
    [
      3.8464227239776827,
      44.525728654026565
    ],
    [
      10.863706290673536,
      38.533140189737956
    ],
    [
      61.89235491586843,
      49.9241872724826
    ],
    [
      26.281391236297047,
      50.96978573300961
    ],
    [
      26.797077341526265,
      92.86846925689085
    ],
    [
      99.70764528236015,
      19.036240433655717
    ],
    [
      75.43145200177047,
      48.994563324332454
    ],
    [
      2.817480728845312,
      56.07118226468509
    ],
    [
      66.06706978924237,
      14.783764401192666
    ],
    [
      31.14273518825592,
      5.061832306692427
    ],
    [
      79.29403815381636,
      76.60134047824647
    ],
    [
      18.82923149461867,
      77.09309885931714
    ],
    [
      61.78000443735774,
      45.817314338842394
    ],
    [
      28.248815814064354,
      80.7930514120457
    ],
    [
      17.227430275702304,
      14.515603306340342
    ],
    [
      93.030369677791,
      35.30992389039051
    ],
    [
      94.68475066760173,
      41.19037257184307
    ],
    [
      28.869531555826843,
      76.51844841880737
    ],
    [
      77.74181375487248,
      91.99796054517034
    ],
    [
      14.358868776922783,
      67.5322515328617
    ],
    [
      89.57138052033264,
      28.02101025331384
    ],
    [
      84.91351330093873,
      13.94234820826874
    ],
    [
      43.911295364308764,
      73.71022779241791
    ],
    [
      4.086299260892112,
      59.715737769646125
    ],
    [
      2.003072872501288,
      33.962010647287
    ],
    [
      90.81866157884315,
      59.22097531617388
    ],
    [
      61.705704001795546,
      64.70712032792478
    ],
    [
      71.03170690877153,
      84.2635628883906
    ],
    [
      33.72154496920883,
      52.30365707691791
    ],
    [
      23.175043185857913,
      59.112299118831544
    ],
    [
      79.14283165200199,
      48.411803461702554
    ],
    [
      93.06068186658304,
      21.499169445943668
    ],
    [
      29.90015761569962,
      98.0078150747762
    ],
    [
      96.85572248066427,
      77.21039335290207
    ],
    [
      53.15023806235425,
      30.34469002827467
    ],
    [
      58.887969897820994,
      58.7985024498195
    ],
    [
      50.554273304116236,
      20.07164832396541
    ],
    [
      83.27555585331669,
      37.876648043001225
    ],
    [
      96.89103971162176,
      37.261807339601646
    ],
    [
      46.729037053562806,
      90.57618111970416
    ],
    [
      28.80252608201982,
      45.670447419387784
    ],
    [
      60.52707342169187,
      67.21904718942456
    ],
    [
      60.23018586727748,
      44.67898866153494
    ],
    [
      69.77457967191465,
      29.276848796155484
    ],
    [
      22.334901007524287,
      63.39278568128438
    ],
    [
      65.19569205784806,
      48.0470912933355
    ],
    [
      65.98677066434406,
      71.66262140121283
    ],
    [
      62.58525772428117,
      14.069986775582354
    ],
    [
      63.27673299466938,
      76.63513593576468
    ],
    [
      68.3226244260399,
      69.74824489220187
    ],
    [
      89.32273013844426,
      82.8190467740753
    ],
    [
      56.20097260453976,
      6.830326797337971
    ],
    [
      88.90669586239613,
      5.327306234969331
    ],
    [
      9.18594248290029,
      53.189120574057135
    ],
    [
      65.394978950122,
      89.92228177801836
    ],
    [
      74.06953145029382,
      58.91925336087053
    ],
    [
      16.985725649327488,
      25.21494663195467
    ],
    [
      34.95836378382599,
      43.97482256272753
    ],
    [
      87.19655950991583,
      33.25464126196545
    ],
    [
      55.07116583219383,
      80.85768666915124
    ],
    [
      79.92462833308099,
      77.59108457749159
    ]
  ],
  "c": [
    [
      0.0,
      46.47709481177916,
      40.78159338734657,
      11.892596563183066,
      23.738426360092944,
      48.745064122679224,
      58.56282443666219,
      25.451319294432114,
      47.57151856798257,
      38.708319278458596,
      48.73433442463408,
      39.56983682802903,
      41.2995498161518,
      12.50053454393937,
      37.70047783192391,
      48.303040639766756,
      45.468792052499865,
      45.544884209411144,
      33.90759211756483,
      50.333258590754056,
      39.71989525001471,
      45.26555143340128,
      50.19071292329455,
      24.47952667248766,
      46.93041099296792,
      50.605554202677766,
      41.84721638137492,
      18.796885234466657,
      40.203537621746236,
      16.44064883505284,
      28.33041304520014,
      29.186075531684434,
      51.638354593132654,
      52.04569119655947,
      54.18361593327529,
      19.906160100182824,
      12.506384540068002,
      29.933483808939755,
      35.41522666905387,
      48.590443067441925,
      40.707808499795235,
      21.63510864432476,
      20.182043031797377,
      11.531255982897855,
      28.644074378801324,
      30.736369508585373,
      15.32066935657554,
      26.92296421731114,
      38.07038957370158,
      29.760747727978973,
      26.93903751398871,
      51.218814284399976,
      43.612758977928564,
      59.24002490844516,
      40.938463344940025,
      42.787778152624334,
      25.66895838852998,
      41.282456096486406,
      16.203505275412937,
      40.7920467571827,
      31.271609320102538,
      40.70321030379947
    ],
    [
      46.47709481177916,
      0.0,
      9.227859186059602,
      58.29642870262947,
      23.342101100499775,
      53.51404597271474,
      99.19217711152508,
      71.72438148923264,
      11.591213081693175,
      68.96371044859086,
      47.98424521716107,
      81.98284910849871,
      35.848544750743294,
      57.947977391123025,
      43.71264678050784,
      32.858164685252135,
      89.65883922794252,
      90.89954028370192,
      40.61637715944596,
      87.83018624786911,
      25.29449776118208,
      87.29933630144998,
      86.64419388570228,
      49.56741883177613,
      15.19190303041615,
      10.723342613236403,
      88.20499195560942,
      61.27793240540132,
      78.05740119059374,
      30.87100742961146,
      24.21494594014482,
      75.39662309989163,
      92.13797514232279,
      59.490593119624066,
      98.5850756844417,
      51.30271009825703,
      56.86197312014676,
      52.72215237075999,
      79.70694739262176,
      93.32773062300156,
      62.92505688542181,
      24.982343282187365,
      61.05475304728802,
      56.38397143541446,
      67.66867972313038,
      26.415708775480034,
      61.45024688833471,
      67.80732843964645,
      66.16496769861902,
      67.54980247828428,
      69.23406611856642,
      93.66203789078928,
      64.51311660688471,
      93.65770863375423,
      10.176680736663398,
      76.47922468920731,
      71.68304229505432,
      23.356960069068943,
      31.116818186198042,
      84.10875527098281,
      62.80115826730841,
      82.95306583271302
    ],
    [
      40.78159338734657,
      9.227859186059602,
      0.0,
      52.28459557226115,
      19.80846186485676,
      56.623319382388225,
      90.95809252428974,
      65.40974820478905,
      19.295716250360698,
      60.09529259351903,
      39.13524580771925,
      78.30643774368657,
      39.3741032199381,
      51.4347023904729,
      45.6961938202475,
      24.846308798350616,
      82.22985890468406,
      83.86315260214985,
      42.03680987820842,
      85.62224169940659,
      29.208981829159534,
      79.40656684709651,
      78.0261556693229,
      48.26562581989872,
      22.240406612282566,
      9.970258264714042,
      82.58802211793062,
      57.18379112591202,
      75.57420101183263,
      26.68535037045705,
      23.980633819305535,
      68.99004963144228,
      83.94342709901177,
      62.446964952118265,
      94.28974896915952,
      43.07204993176121,
      52.12499211070564,
      43.77405386480183,
      72.41482540903894,
      86.03672694108505,
      63.20443069888051,
      19.30653801168943,
      57.3526921354611,
      49.74757038515091,
      59.63363088814509,
      27.378646463937347,
      55.158679670620295,
      64.31263290587077,
      57.21507456661953,
      64.79882289134595,
      65.39044299339558,
      90.09472762121938,
      55.322112159675946,
      84.81353447371279,
      14.751699984077169,
      74.9299911319856,
      66.41212196831776,
      14.657878450523253,
      24.701506568645428,
      76.51514249820674,
      61.20185220892558,
      79.34061994429042
    ],
    [
      11.892596563183066,
      58.29642870262947,
      52.28459557226115,
      0.0,
      35.62631064716649,
      55.46070557770154,
      48.82685168450119,
      13.570974562884393,
      59.39382381735304,
      35.387534017603514,
      54.38906145972125,
      31.85104523681563,
      50.91740719642961,
      4.108409415222402,
      45.65933088166563,
      56.9975728570881,
      34.396986169065244,
      33.93553798547186,
      42.400018733338165,
      44.960068315015015,
      50.690001297287196,
      35.29699168407455,
      42.71611494311578,
      29.81768311275609,
      58.629468115655996,
      61.97997407456637,
      30.383572618929733,
      14.784111345813432,
      35.534778352208676,
      28.27112324618594,
      39.792607691628206,
      17.316646685054085,
      42.18348306322865,
      57.75409899498417,
      44.35058188721021,
      21.44251196610235,
      9.369087426392179,
      31.933151681402965,
      24.543522237388437,
      37.21886353715171,
      43.3879109009394,
      33.362120361140214,
      17.348664879609228,
      5.502264480591698,
      22.10072517499926,
      41.78750175361467,
      3.799411216032344,
      22.120663613248784,
      35.8608952422249,
      26.746799456337865,
      20.84086434108217,
      42.83103158319708,
      43.468064636753,
      52.14073661782459,
      52.80743982639065,
      40.15116360952819,
      15.139182351931261,
      51.2557501663381,
      27.583234377980766,
      30.301427925663134,
      31.676647635741705,
      33.024537711813984
    ],
    [
      23.738426360092944,
      23.342101100499775,
      19.80846186485676,
      35.62631064716649,
      0.0,
      41.90185691820213,
      80.06975770303595,
      49.189734465775174,
      24.012066609833788,
      53.78037149132576,
      46.1646277230972,
      58.88393101568241,
      27.16545919933258,
      35.87059381535566,
      29.888090190434966,
      37.56170424079365,
      68.5613403888295,
      69.09888930558188,
      25.6794204635979,
      65.81402748812388,
      20.407396089789447,
      67.32212889972232,
      69.34520075283963,
      28.773967828928125,
      23.856105818507576,
      29.64289385232739,
      65.06259595807869,
      37.994687742900496,
      55.77693385314653,
      7.558776377923933,
      8.714925269258275,
      52.92329502330183,
      72.99308790168888,
      47.17702485814032,
      75.29479210975235,
      33.87225269437508,
      33.53323392460393,
      39.2920818896942,
      58.47875729665817,
      71.9279579123658,
      44.573229353453016,
      5.868484256819455,
      37.90521397145781,
      34.52672565840786,
      48.602890379508,
      13.034788561408806,
      39.02390230637972,
      44.77399472368356,
      51.76452342170192,
      45.02627580478789,
      46.04449822191341,
      70.62992170063141,
      53.32422699284763,
      77.49299784006769,
      17.238904118786156,
      55.20117473372736,
      48.4448178929287,
      27.381036061953505,
      11.145374033390425,
      63.438821469454005,
      41.49864749182989,
      59.885644677075945
    ],
    [
      48.745064122679224,
      53.51404597271474,
      56.623319382388225,
      55.46070557770154,
      41.90185691820213,
      0.0,
      103.76487329757362,
      65.4997864147051,
      43.921081312891815,
      87.40339489542254,
      87.91410714228289,
      54.95953396116203,
      17.673394654698555,
      58.63118937318648,
      12.162370686681601,
      78.93509832532908,
      87.74870459675506,
      85.31917642955237,
      16.48084487749752,
      50.952173198427026,
      28.22468708163094,
      90.2541194561517,
      98.01455357448832,
      25.689193730874145,
      40.185607449597676,
      63.91176357709902,
      72.32507930687976,
      44.85168657704012,
      45.063808833276234,
      41.15157638685673,
      33.949935991315726,
      68.67658354896342,
      97.38810112204668,
      6.003497532587107,
      71.78710956534425,
      67.85065990103948,
      46.80371804990065,
      76.5753321765261,
      78.82841451803515,
      89.47214320850968,
      20.06333977348075,
      47.2406084849059,
      42.37458540166516,
      58.6515028430205,
      76.75258887738417,
      29.811523608916808,
      59.0204162530595,
      44.559174655896335,
      86.5447554532664,
      39.92851596649544,
      47.528053140663324,
      63.32809921289962,
      90.92387483234853,
      107.3362004919059,
      43.41201196561394,
      38.71017991752947,
      58.199949977814704,
      68.36125909892797,
      49.57010473508133,
      84.86404382551046,
      30.719423470307007,
      55.280513356901736
    ],
    [
      58.56282443666219,
      99.19217711152508,
      90.95809252428974,
      48.82685168450119,
      80.06975770303595,
      103.76487329757362,
      0.0,
      38.55949520699919,
      103.72700180586978,
      33.90828618368715,
      69.97450234700875,
      61.077459828829454,
      99.5586090053413,
      46.4298595688439,
      94.44717047746623,
      82.60400733367219,
      17.59030365711115,
      22.716404669472563,
      91.22632619579448,
      76.19652456854557,
      98.16453913460505,
      13.545108048227597,
      15.64653568965264,
      78.11835608794978,
      103.91469250527652,
      98.8380599074237,
      41.156128934335676,
      59.41360796491179,
      71.25245986083436,
      73.89781082450054,
      86.39056466651434,
      35.85854518613544,
      7.0885923828535224,
      105.40206324180294,
      58.244017130849514,
      47.91109682822441,
      56.98493993276832,
      49.16427611926092,
      24.999490432614138,
      18.441923868843674,
      89.02076186611595,
      75.74243797616558,
      62.10233552929193,
      47.07462520878846,
      31.636347394624035,
      89.18545095991877,
      45.08552298658066,
      62.50306679472951,
      37.453108461228474,
      68.15309335001814,
      59.638300867439725,
      64.62269606884104,
      45.18644592344314,
      17.452661265163375,
      96.75018294348784,
      78.75398357100546,
      47.41273669614921,
      82.95235016597668,
      69.38589433872622,
      18.93911796573266,
      76.25160006421756,
      61.80645219007782
    ],
    [
      25.451319294432114,
      71.72438148923264,
      65.40974820478905,
      13.570974562884393,
      49.189734465775174,
      65.4997864147051,
      38.55949520699919,
      0.0,
      72.95798352238197,
      35.4692883658781,
      62.3824918679592,
      27.875683249166208,
      63.19287195207251,
      14.016309490008695,
      56.897671325686744,
      67.6498841758869,
      22.293300783068148,
      20.774862281539697,
      54.08860033600649,
      43.06541470789948,
      63.82402608636179,
      25.294811858025,
      36.31208161237786,
      40.05476681431441,
      72.14620157088042,
      74.95134756320155,
      18.47554385655901,
      20.86337953807949,
      35.54237030830811,
      41.8409661232665,
      53.22688080230769,
      3.756853466086356,
      32.66169668210975,
      66.89841265398921,
      35.42784822359286,
      29.056329234317346,
      19.230289194392064,
      38.1498234867932,
      13.606542743720784,
      24.45754418730624,
      50.52583064472535,
      46.7472617270691,
      23.542988616726387,
      15.80198331735176,
      20.51312922912956,
      55.01411213974843,
      10.279517735727092,
      24.556931048939163,
      37.212239310803426,
      30.195007011581264,
      21.937427563914373,
      36.56587601729732,
      46.342574159747,
      45.699141554430355,
      66.37817293309554,
      42.14034799501124,
      10.017699332176653,
      63.0981227842878,
      40.78319098858296,
      19.65102799365992,
      37.81269472272757,
      28.947360178894222
    ],
    [
      47.57151856798257,
      11.591213081693175,
      19.295716250360698,
      59.39382381735304,
      24.012066609833788,
      43.921081312891815,
      103.72700180586978,
      72.95798352238197,
      0.0,
      75.53251875943057,
      58.34615517176198,
      79.1842865210564,
      26.425312484375848,
      59.84748122951805,
      35.46721892615649,
      43.98309662252294,
      92.57102776678579,
      93.06467527002349,
      33.11797163881181,
      83.09265356823173,
      16.265292707057185,
      91.17593585425345,
      92.2745751712317,
      44.71954302565335,
      3.8591042090110976,
      22.12416619364527,
      88.05753248451397,
      59.51808352489981,
      73.81050723682921,
      31.132867401075913,
      20.5834579434978,
      76.7087040510436,
      96.63880908788875,
      49.921463908885556,
      96.38494258547723,
      56.52644393188009,
      56.13677966396417,
      59.7893620079983,
      82.48965346198943,
      95.93553608938805,
      55.846394018268576,
      27.989245565551027,
      58.77645771186356,
      58.53204922437118,
      72.1192720768502,
      20.845516806367446,
      62.89218778610123,
      65.06498417200417,
      73.0498979430497,
      63.860765538230595,
      66.91775469116644,
      90.54615635812276,
      72.62547109656848,
      99.93144608595414,
      6.990249258892438,
      71.1466107548032,
      71.30894923486672,
      33.9535924689767,
      34.341786231835506,
      87.40951595376153,
      57.834405049870846,
      80.05384692326861
    ],
    [
      38.708319278458596,
      68.96371044859086,
      60.09529259351903,
      35.387534017603514,
      53.78037149132576,
      87.40339489542254,
      33.90828618368715,
      35.4692883658781,
      75.53251875943057,
      0.0,
      36.25224284057102,
      63.216812670046686,
      78.19121771249911,
      31.328264411932064,
      76.07526736996878,
      48.840375696603076,
      33.88720649826116,
      38.93944804351849,
      72.075155645903,
      78.0918160425513,
      73.86569533017543,
      26.975494447611975,
      18.865217047499787,
      62.95400247931779,
      76.55389046986066,
      66.8730201951732,
      50.86557785007025,
      50.113500960510535,
      69.65694523556311,
      49.537615226021394,
      61.6826145389311,
      36.08075053746496,
      27.816393689639558,
      90.74297849799704,
      69.60621478594712,
      20.22342572939414,
      44.59637474885426,
      16.38928220422298,
      28.799535890558193,
      38.14943690432019,
      78.22052123400044,
      48.40075831610453,
      52.72713192308415,
      30.459705308729585,
      14.959783581644068,
      65.38608059947535,
      33.274738392425,
      56.87891368141802,
      3.5542219619111086,
      61.914280583196735,
      55.01074115448827,
      71.9001069946027,
      12.67268887712496,
      24.719893207920972,
      68.63260177499374,
      75.14152313923086,
      44.855108720706994,
      50.17756376421758,
      42.65992810497388,
      28.06472212336828,
      66.98263288125413,
      64.31789328424898
    ],
    [
      48.73433442463408,
      47.98424521716107,
      39.13524580771925,
      54.38906145972125,
      46.1646277230972,
      87.91410714228289,
      69.97450234700875,
      62.3824918679592,
      58.34615517176198,
      36.25224284057102,
      0.0,
      86.23484914295982,
      73.0761639277028,
      50.98677850889247,
      75.78649164941828,
      16.822886105633682,
      68.88415164002588,
      73.09486406628056,
      71.4927649552642,
      98.63754111064803,
      64.68579017069217,
      62.77762696475742,
      54.49917560405404,
      69.82577125771013,
      60.98442512187045,
      41.04071427246829,
      80.58801996634642,
      67.01981383018875,
      88.67944627734207,
      47.31215771349926,
      54.634577681677285,
      64.67788849111524,
      64.0626113508462,
      92.95428829133569,
      97.58899302652354,
      33.519443272871,
      60.476671263885706,
      24.53777473398683,
      61.60067469032533,
      73.20982133441679,
      86.92316525961253,
      40.675990461597124,
      68.75288136067537,
      49.14874224889737,
      45.593710441184335,
      58.99218647027829,
      54.83918636988592,
      75.16496468615999,
      32.70747728523001,
      78.45592142981913,
      74.61016108357252,
      97.11383121950507,
      25.12056598037335,
      57.764570708784916,
      52.89930644040599,
      91.51236029738145,
      68.87184940111263,
      24.62862026367699,
      39.09961422118656,
      62.744447546153715,
      79.48321415001291,
      87.40804044110791
    ],
    [
      39.56983682802903,
      81.98284910849871,
      78.30643774368657,
      31.85104523681563,
      58.88393101568241,
      54.95953396116203,
      61.077459828829454,
      27.875683249166208,
      79.1842865210564,
      63.216812670046686,
      86.23484914295982,
      0.0,
      60.46680635389561,
      35.41747651051332,
      51.217039784306635,
      87.78896612715391,
      43.51629450640767,
      38.61101759537453,
      50.424574730424915,
      15.474666719185896,
      65.56542226131971,
      49.65553595403128,
      62.91047459062962,
      35.50066224552171,
      77.08000757796384,
      88.27233860361241,
      20.85411322151251,
      21.23256864412453,
      11.268352579918634,
      51.64522779243303,
      58.78101873806774,
      28.189942543632306,
      56.79586016240452,
      53.83300650405493,
      17.572242366868885,
      53.13356748867152,
      27.080411066576282,
      63.41593000716654,
      38.92883619369804,
      43.09586211449935,
      35.4369223778484,
      59.21243903703788,
      20.98157269163294,
      37.18154124714143,
      48.272431083973274,
      58.47058426486313,
      31.845070405883757,
      14.194164792555506,
      64.7252156375713,
      16.017340812200548,
      12.935874083242535,
      11.799768408902327,
      73.49342845809213,
      71.91933777179932,
      73.9139845999689,
      19.251787549725595,
      18.437778475771538,
      80.76439363781084,
      55.04672281919696,
      44.06116404193545,
      24.593983540826738,
      1.1735575640655733
    ],
    [
      41.2995498161518,
      35.848544750743294,
      39.3741032199381,
      50.91740719642961,
      27.16545919933258,
      17.673394654698555,
      99.5586090053413,
      63.19287195207251,
      26.425312484375848,
      78.19121771249911,
      73.0761639277028,
      60.46680635389561,
      0.0,
      53.131380499191756,
      10.1201886169967,
      62.59799291373289,
      85.15657706931492,
      83.92297387411914,
      10.056731499243424,
      60.76880162094351,
      10.554332969333286,
      86.09600181734203,
      91.40650747976325,
      25.309163254016855,
      22.788741283560743,
      46.2969802938656,
      74.1747318417318,
      44.62963543251061,
      52.69263699756798,
      28.918807453081815,
      18.498519901958602,
      66.78582985656416,
      92.74153984027093,
      23.66412389148643,
      78.02657914834971,
      57.99435507061733,
      44.03856015178744,
      65.25277081450207,
      75.44043171917191,
      87.63662297371306,
      30.986975610201995,
      32.96740251282135,
      42.85098502665828,
      52.58054357726767,
      69.87003843571809,
      14.141721957028215,
      54.713062614741,
      47.469185646766306,
      76.72354585216921,
      44.449860738098586,
      50.03541569390931,
      70.72566599594212,
      79.58331591119213,
      100.30543356776847,
      25.77582589997283,
      48.30069120055333,
      58.15306870143976,
      51.91089666271443,
      36.837061952061255,
      81.21515809543214,
      36.436930797023244,
      61.09742633388658
    ],
    [
      12.50053454393937,
      57.947977391123025,
      51.4347023904729,
      4.108409415222402,
      35.87059381535566,
      58.63118937318648,
      46.4298595688439,
      14.016309490008695,
      59.84748122951805,
      31.328264411932064,
      50.98677850889247,
      35.41747651051332,
      53.131380499191756,
      0.0,
      48.45247975392723,
      54.4493248625919,
      32.96954021057463,
      33.22846542637741,
      45.007320061096365,
      48.861349149637,
      52.15652025073738,
      33.001045796913004,
      39.384929835745524,
      33.12560014348294,
      59.34416391567793,
      60.94119930661472,
      31.982835024055955,
      18.88995211375343,
      39.54374825624401,
      28.798433808829607,
      40.83013168641446,
      17.55560146204711,
      39.621369883728924,
      61.15695381916837,
      47.07261843403799,
      17.716516890831343,
      13.299440159286666,
      28.086586799136334,
      22.91534228193074,
      36.138366012379,
      47.22168754603111,
      32.97780539345836,
      21.438376924051532,
      1.9229464235342357,
      18.371179427293274,
      43.18348500873057,
      4.079071853689194,
      26.18543066739075,
      31.75753832186984,
      30.85414598322245,
      24.809178008672863,
      46.127323163759016,
      39.38414393830361,
      48.73703052013898,
      53.10818091442089,
      44.25286650081221,
      17.96366555964092,
      49.30501969647297,
      26.88485044206566,
      28.351755264760367,
      35.67683013493227,
      36.58961398396709
    ],
    [
      37.70047783192391,
      43.71264678050784,
      45.6961938202475,
      45.65933088166563,
      29.888090190434966,
      12.162370686681601,
      94.44717047746623,
      56.897671325686744,
      35.46721892615649,
      76.07526736996878,
      75.78649164941828,
      51.217039784306635,
      10.1201886169967,
      48.45247975392723,
      0.0,
      67.18758119317648,
      79.15405618254863,
      77.34407288980647,
      4.3194350072519745,
      50.74551047975,
      19.203630962147873,
      80.903308153705,
      87.6350641017536,
      17.189521694584222,
      32.06369218543625,
      53.684126160952815,
      66.1841375717346,
      37.12304602331865,
      42.92342274713208,
      29.010280143217848,
      22.26652619252603,
      60.32201975177761,
      87.84271409638744,
      17.293785522825665,
      68.70038632444725,
      56.25938140697236,
      37.716282253424005,
      64.68865609073696,
      69.78366425949548,
      81.28175756033512,
      20.910002485358035,
      35.126968361728984,
      35.0162748564164,
      48.23933621877882,
      66.16878566166527,
      18.37780280229714,
      49.369723194176686,
      38.826768967613916,
      75.0397134691715,
      35.27383227151853,
      41.5679911437879,
      61.10750909756232,
      79.06837358685463,
      96.82178012766153,
      33.5465368905415,
      38.25153961353196,
      50.77401916925425,
      56.70787362444275,
      37.42459097384094,
      75.72804583791299,
      26.822427895541285,
      51.77491855242401
    ],
    [
      48.303040639766756,
      32.858164685252135,
      24.846308798350616,
      56.9975728570881,
      37.56170424079365,
      78.93509832532908,
      82.60400733367219,
      67.6498841758869,
      43.98309662252294,
      48.840375696603076,
      16.822886105633682,
      87.78896612715391,
      62.59799291373289,
      54.4493248625919,
      67.18758119317648,
      0.0,
      78.6033675522174,
      81.92179073763688,
      63.08637986330531,
      98.31330678575377,
      53.09419586213723,
      73.59377116170165,
      67.68851052214596,
      64.93098046475723,
      47.071663236487936,
      24.6970406488394,
      86.10597895181255,
      67.0634417144041,
      88.08903478791872,
      41.23096927420709,
      44.991547836465024,
      70.58660859228661,
      76.15413477200059,
      84.44848988714514,
      101.3474302509011,
      39.255676095658565,
      60.799471364130035,
      33.78680367360042,
      70.05778545960892,
      82.84733228222541,
      81.58159289802006,
      33.235630799395345,
      68.20932556261972,
      52.526819859522405,
      54.58110733649921,
      49.14331301601428,
      58.52618922347897,
      75.12160110295251,
      45.3600163684664,
      77.3264160232529,
      75.24203321158282,
      99.31310412955959,
      39.72405413194263,
      72.26577279818957,
      39.50071472490305,
      89.47781794072552,
      72.12980385463194,
      10.702073104113001,
      34.38359495843035,
      72.43500941738347,
      76.37683121070035,
      88.9351166965756
    ],
    [
      45.468792052499865,
      89.65883922794252,
      82.22985890468406,
      34.396986169065244,
      68.5613403888295,
      87.74870459675506,
      17.59030365711115,
      22.293300783068148,
      92.57102776678579,
      33.88720649826116,
      68.88415164002588,
      43.51629450640767,
      85.15657706931492,
      32.96954021057463,
      79.15405618254863,
      78.6033675522174,
      0.0,
      6.108735806584233,
      76.25454506009477,
      58.71348603159132,
      85.01460729012439,
      8.068015121464308,
      22.857310602379467,
      62.34794945450453,
      92.2317267182781,
      91.03727606749469,
      24.01312210024778,
      42.9584664309594,
      53.66935750287643,
      61.69541033114384,
      73.799184994213,
      19.09248440405019,
      13.810787709381296,
      88.97443022561987,
      42.07472715592241,
      40.18803858077749,
      41.44172758799714,
      45.12675265719897,
      10.08684616843889,
      4.326040003215776,
      72.09835359365762,
      65.0580997321452,
      45.54839642868567,
      34.11204234122274,
      24.025606420860584,
      76.06902402998942,
      30.610532691490302,
      45.30866212892912,
      37.12195806396468,
      50.92201926933318,
      42.38479242427914,
      47.653576446377976,
      46.55633081936133,
      30.26486489655863,
      85.72953776670305,
      61.206408608227306,
      30.280584940436583,
      76.71177517998177,
      58.71489025409632,
      6.185266991610753,
      59.291650767556305,
      44.265754316885904
    ],
    [
      45.544884209411144,
      90.89954028370192,
      83.86315260214985,
      33.93553798547186,
      69.09888930558188,
      85.31917642955237,
      22.716404669472563,
      20.774862281539697,
      93.06467527002349,
      38.93944804351849,
      73.09486406628056,
      38.61101759537453,
      83.92297387411914,
      33.22846542637741,
      77.34407288980647,
      81.92179073763688,
      6.108735806584233,
      0.0,
      74.69749667679501,
      53.55813763468735,
      84.53485605779582,
      14.12723108537835,
      28.947053587431167,
      60.29498110956365,
      92.47306933916434,
      92.96312502829919,
      18.440425162291888,
      40.504999000229546,
      49.14027068609472,
      61.96787507665001,
      73.72132469835454,
      17.137686856296497,
      19.758063670711074,
      86.16997893393426,
      36.085385070427535,
      42.9272007844831,
      39.89305392269976,
      48.92340489159562,
      11.880677445472411,
      4.5057004039038056,
      68.83827826258954,
      66.03437428328262,
      42.944601723425954,
      34.6307302522052,
      27.61247304730678,
      75.67990416033902,
      30.275719137869405,
      41.85847590376893,
      42.02252697014194,
      47.358154778956816,
      38.86532865475292,
      41.972583670661756,
      51.59083174007854,
      36.325548095176295,
      86.33664433266449,
      56.85674719979141,
      27.19008049655624,
      79.3243513856323,
      59.79125732029889,
      10.910950381915285,
      56.06007412772982,
      39.27942267712424
    ],
    [
      33.90759211756483,
      40.61637715944596,
      42.03680987820842,
      42.400018733338165,
      25.6794204635979,
      16.48084487749752,
      91.22632619579448,
      54.08860033600649,
      33.11797163881181,
      72.075155645903,
      71.4927649552642,
      50.424574730424915,
      10.056731499243424,
      45.007320061096365,
      4.3194350072519745,
      63.08637986330531,
      76.25454506009477,
      74.69749667679501,
      0.0,
      51.26514666918814,
      17.067837260650553,
      77.6963060661544,
      84.00414398948308,
      15.301658784479404,
      29.94227259484711,
      50.32749743414751,
      64.31871645442646,
      34.89586927090176,
      42.867654806851796,
      24.696116170258097,
      18.31396274018161,
      57.59677242089898,
      84.54362682610616,
      21.514066778504574,
      67.98971204719334,
      52.1686560337087,
      34.85832935807386,
      60.46874618873005,
      66.73233261427858,
      78.5366757675066,
      22.728435610783336,
      30.848073771205094,
      32.995133280743744,
      44.690511705252135,
      62.48993275949656,
      14.662346971136932,
      46.15417763740098,
      37.43352100809703,
      70.96872940014877,
      34.40739930348851,
      40.02976633478289,
      60.78064460421411,
      74.85614179830523,
      93.12700909732601,
      30.523781162884653,
      38.90721084933897,
      48.50537761060235,
      52.66188506326892,
      33.10832919011814,
      72.62092811071395,
      26.558513274385984,
      51.06636324689378
    ],
    [
      50.333258590754056,
      87.83018624786911,
      85.62224169940659,
      44.960068315015015,
      65.81402748812388,
      50.952173198427026,
      76.19652456854557,
      43.06541470789948,
      83.09265356823173,
      78.0918160425513,
      98.63754111064803,
      15.474666719185896,
      60.76880162094351,
      48.861349149637,
      50.74551047975,
      98.31330678575377,
      58.71348603159132,
      53.55813763468735,
      51.26514666918814,
      0.0,
      67.94092015532877,
      65.06142342821249,
      78.38438550928184,
      38.45705583908321,
      80.41938026807672,
      95.41765219809483,
      35.289300215690574,
      31.653542862939638,
      10.239455112421314,
      59.27412413348502,
      63.71027529197517,
      43.60866818022314,
      72.14393437203425,
      48.21765665817741,
      24.166374371091504,
      66.37673809754718,
      38.17946366845709,
      76.89315148635646,
      54.40348121737745,
      57.9891310720046,
      31.045350303386417,
      67.38911151177008,
      30.171871533439756,
      50.45534868968674,
      63.225111134461876,
      62.35528854223793,
      45.70649929308116,
      23.488445162674147,
      79.3882251126831,
      21.101064934703135,
      24.161352906042826,
      14.777350313925679,
      87.84949445312012,
      87.3868234405695,
      78.77838247744553,
      12.520094729681704,
      33.28192491892814,
      90.2844016938779,
      64.31675810475664,
      59.49932585921509,
      25.259928330594445,
      14.571299002865851
    ],
    [
      39.71989525001471,
      25.29449776118208,
      29.208981829159534,
      50.690001297287196,
      20.407396089789447,
      28.22468708163094,
      98.16453913460505,
      63.82402608636179,
      16.265292707057185,
      73.86569533017543,
      64.68579017069217,
      65.56542226131971,
      10.554332969333286,
      52.15652025073738,
      19.203630962147873,
      53.09419586213723,
      85.01460729012439,
      84.53485605779582,
      17.067837260650553,
      67.94092015532877,
      0.0,
      84.95916731114549,
      88.59929797831059,
      30.191278672266897,
      12.90827532524082,
      35.77187114965094,
      76.91018936176582,
      47.431046500539715,
      59.09100914347613,
      24.633784086715597,
      12.191002004072299,
      67.54667556765123,
      91.1757644882715,
      34.20952545662623,
      83.06261072290793,
      53.737185092784294,
      45.377518879735135,
      59.687655053951254,
      75.02642585071892,
      87.90824210989342,
      39.734751604374544,
      26.202246381617506,
      46.169267019111594,
      51.248896139037264,
      67.33778176139239,
      8.986226554008567,
      54.44312693863238,
      51.79285866358972,
      71.99998849916105,
      49.757611920976544,
      54.009235787282336,
      76.506644279933,
      73.72574393872377,
      97.09188299069812,
      15.247444774282904,
      55.73148119321752,
      60.32865798610001,
      42.398757895773656,
      31.293636001946886,
      80.50020967176789,
      42.83758108353098,
      66.33286476849685
    ],
    [
      45.26555143340128,
      87.29933630144998,
      79.40656684709651,
      35.29699168407455,
      67.32212889972232,
      90.2541194561517,
      13.545108048227597,
      25.294811858025,
      91.17593585425345,
      26.975494447611975,
      62.77762696475742,
      49.65553595403128,
      86.09600181734203,
      33.001045796913004,
      80.903308153705,
      73.59377116170165,
      8.068015121464308,
      14.12723108537835,
      77.6963060661544,
      65.06142342821249,
      84.95916731114549,
      0.0,
      14.829175702381363,
      64.59371467713346,
      91.17156832186063,
      87.76960743894453,
      31.22488638830582,
      46.069150200999154,
      59.21945815804629,
      60.90033717351211,
      73.31535892807473,
      22.902818149005853,
      7.396595933375276,
      91.97177660593421,
      49.725818721395676,
      36.49519291140846,
      43.45947207842759,
      39.81867665562858,
      11.694913615727161,
      11.78854280505307,
      75.81962671926026,
      63.279983423070234,
      48.78583682263588,
      33.74009407688771,
      19.836593817427673,
      75.97306545219219,
      31.547077675144788,
      49.60669355685395,
      30.378971010219946,
      55.269717788025616,
      46.825972986832426,
      54.798600653147346,
      39.53010485437373,
      22.703436034369815,
      84.23332134961188,
      66.45499085290193,
      34.56889861890219,
      72.63987394055546,
      56.89556858197267,
      5.747231365295539,
      63.10292535373916,
      50.500020755112075
    ],
    [
      50.19071292329455,
      86.64419388570228,
      78.0261556693229,
      42.71611494311578,
      69.34520075283963,
      98.01455357448832,
      15.64653568965264,
      36.31208161237786,
      92.2745751712317,
      18.865217047499787,
      54.49917560405404,
      62.91047459062962,
      91.40650747976325,
      39.384929835745524,
      87.6350641017536,
      67.68851052214596,
      22.857310602379467,
      28.947053587431167,
      84.00414398948308,
      78.38438550928184,
      88.59929797831059,
      14.829175702381363,
      0.0,
      72.48021320131623,
      92.88832930682476,
      85.29318856866422,
      45.662072324422155,
      55.8181377405768,
      71.6782936654982,
      63.97036532483411,
      76.49812518887884,
      34.94916468475107,
      11.112241126577372,
      100.46627306332456,
      64.38526148518528,
      35.748321234183706,
      51.85945895176074,
      34.90165745444657,
      23.990281640262083,
      26.215612010718253,
      85.62008276674473,
      64.46018279707476,
      58.59270521415453,
      39.42090460086747,
      21.548415712156082,
      79.7585636959575,
      39.394491689484795,
      60.74414806629517,
      22.32862039402357,
      66.32145878270947,
      58.21989091673962,
      69.0176846789656,
      29.580244113122276,
      9.495496573157093,
      85.29345885314441,
      78.44694696715467,
      46.26568857677635,
      68.8567775201837,
      58.287790137629294,
      19.44677255958394,
      73.26819380727059,
      63.8439551924953
    ],
    [
      24.47952667248766,
      49.56741883177613,
      48.26562581989872,
      29.81768311275609,
      28.773967828928125,
      25.689193730874145,
      78.11835608794978,
      40.05476681431441,
