{
  "name": "RC-n81-k18",
  "n": 82,
  "m": 18,
  "prob_compat": 0.3,
  "layout": "RC",
  "coords": [
    [
      50.0,
      50.0
    ],
    [
      37.606249130715554,
      16.96771278646849
    ],
    [
      78.42323176022171,
      58.38879925908961
    ],
    [
      30.195756961597926,
      52.568707667723096
    ],
    [
      18.941984400696512,
      56.899985223997945
    ],
    [
      46.35803065170694,
      79.07155570554853
    ],
    [
      44.40839664587541,
      74.43850928007677
    ],
    [
      46.79351046011523,
      70.96027884760655
    ],
    [
      38.12068212011671,
      22.12550843660084
    ],
    [
      47.547984708491306,
      50.0010870210901
    ],
    [
      45.78751385439654,
      65.18192789162183
    ],
    [
      21.134159582382054,
      53.11242626213795
    ],
    [
      53.98650973679234,
      59.594929755655514
    ],
    [
      25.270967261216096,
      51.92963499728518
    ],
    [
      39.636443872248634,
      18.608141260255437
    ],
    [
      80.98606410035782,
      63.68559102289967
    ],
    [
      55.40799953527018,
      79.45372134253091
    ],
    [
      41.75467332238017,
      65.94393089905502
    ],
    [
      33.85637134672844,
      42.18344788273465
    ],
    [
      74.39831624544807,
      61.025357181122864
    ],
    [
      76.25743284595518,
      55.790516252756454
    ],
    [
      77.97455518203554,
      52.92656424048798
    ],
    [
      77.34918418636009,
      62.312116075072545
    ],
    [
      33.47137265153914,
      55.21951536224405
    ],
    [
      42.39489827297549,
      18.778825243651376
    ],
    [
      49.372812604673086,
      54.096055716725076
    ],
    [
      77.30180050418144,
      52.88333702555756
    ],
    [
      54.154878619068256,
      75.97479369111922
    ],
    [
      76.7706297615715,
      57.196530821353605
    ],
    [
      29.061787301747966,
      23.421042745638566
    ],
    [
      57.36260688445637,
      59.040939312706385
    ],
    [
      44.13624672464762,
      67.71263456792636
    ],
    [
      53.94068100420865,
      76.64932962633351
    ],
    [
      33.21834061381881,
      10.153714220017951
    ],
    [
      37.51048124804952,
      14.635290767276164
    ],
    [
      51.00992068549783,
      74.27632161625667
    ],
    [
      45.08183462131199,
      51.1117782748032
    ],
    [
      37.02287511004518,
      20.47058207431279
    ],
    [
      51.97613313006483,
      54.652694126970346
    ],
    [
      32.403698325251696,
      22.6742222035923
    ],
    [
      40.0764384341892,
      18.56804095485697
    ],
    [
      8.684687805061275,
      34.59918388956358
    ],
    [
      13.740919266217055,
      55.44537866476167
    ],
    [
      71.11829303602913,
      78.91273200314663
    ],
    [
      78.69599682112371,
      58.06963710854133
    ],
    [
      68.41332895953956,
      56.46224525315752
    ],
    [
      97.07057876252938,
      52.23443453290459
    ],
    [
      5.473919628576818,
      93.81944222466161
    ],
    [
      50.17795339344649,
      58.26462989468036
    ],
    [
      48.3229704167161,
      99.4113176871294
    ],
    [
      14.698298565601709,
      17.158019472588048
    ],
    [
      2.1447000340133027,
      0.6183740300387153
    ],
    [
      37.9874473322857,
      55.81059149245937
    ],
    [
      73.65539861452103,
      27.666096357741477
    ],
    [
      67.58134361275445,
      18.095888901307553
    ],
    [
      42.9732613733767,
      76.81801389661467
    ],
    [
      45.68734213106509,
      40.97897318035031
    ],
    [
      90.64794686611418,
      15.02003893830558
    ],
    [
      62.341532303158964,
      68.06536609854238
    ],
    [
      60.92371574679605,
      36.62549152849471
    ],
    [
      66.93965217447965,
      19.89712988832877
    ],
    [
      57.49470387697458,
      62.98930382798359
    ],
    [
      19.42864290844347,
      66.07756566490869
    ],
    [
      70.90379759916875,
      99.70544597954743
    ],
    [
      97.71469785148597,
      17.99419570168441
    ],
    [
      10.882577335798494,
      17.967235548048286
    ],
    [
      78.25152487515376,
      16.937522811782678
    ],
    [
      0.5723232310379633,
      98.72277938225324
    ],
    [
      38.06832533663135,
      60.808268125815204
    ],
    [
      21.848533460114727,
      81.44076019218085
    ],
    [
      78.79552080516525,
      94.40149758519898
    ],
    [
      1.3829586861821008,
      76.51075399536786
    ],
    [
      57.8927481112027,
      50.204724340328454
    ],
    [
      22.242290349515148,
      15.140354627182006
    ],
    [
      70.80643057669329,
      89.45036098846508
    ],
    [
      98.93486395189204,
      31.773149908486143
    ],
    [
      30.570465718323437,
      2.623373250400296
    ],
    [
      47.754574928970214,
      37.73997497669501
    ],
    [
      47.496165356178366,
      99.03680352724655
    ],
    [
      64.71168708007103,
      92.53705416905743
    ],
    [
      40.247121017182884,
      23.83003529964377
    ],
    [
      57.78446903673833,
      73.74943604143029
    ]
  ],
  "c": [
    [
      0.0,
      35.280831327608006,
      29.63531772572345,
      19.970135237557017,
      31.81524994492372,
      29.298793351855256,
      25.070037173930473,
      21.20412376258007,
      30.300255332411407,
      2.452015532456374,
      15.755506149702262,
      29.033152433944057,
      10.390136519675943,
      24.804204309322117,
      33.058313489183476,
      33.87375931421778,
      29.946087555754982,
      17.94977282682181,
      17.936421970299875,
      26.77379944244434,
      26.888340561166704,
      28.127220194794486,
      29.992767093176127,
      17.33317231902429,
      32.13408354761112,
      4.143794935005005,
      27.45363260432166,
      26.304998073282523,
      27.72105109287579,
      33.835627964121116,
      11.65961250604342,
      18.658001656423593,
      26.939111646635787,
      43.23598711968772,
      37.50534278966698,
      24.297319420193805,
      5.042261558512187,
      32.25511267131743,
      5.054964370486124,
      32.50119943644231,
      32.96126702003408,
      44.092404772621904,
      36.66569356307925,
      35.80402732433009,
      29.809046892201863,
      19.514386925655003,
      47.12358308449516,
      62.4717164012875,
      8.266545512261057,
      49.43976884858621,
      48.21624009736039,
      68.76535987160774,
      13.344077153810646,
      32.53277017890687,
      36.4276810712328,
      27.723292104039476,
      9.99889707794441,
      53.626982576946276,
      21.87854821198794,
      17.268614379016245,
      34.54178056719865,
      14.996419577326016,
      34.541221636313246,
      53.92216718653583,
      57.454885778675745,
      50.559576287030005,
      43.488803795837185,
      69.40464293913419,
      16.09917762346842,
      42.202209300088825,
      52.921404046464374,
      55.3754167795818,
      7.895402763787082,
      44.56102916853751,
      44.600880433719745,
      52.219143752542536,
      51.20597196200586,
      12.463953920071818,
      49.10068521001902,
      45.009273645808314,
      27.92822409089713,
      24.992672335505173
    ],
    [
      35.280831327608006,
      0.0,
      58.152665248892625,
      36.36407885157646,
      44.0788062444675,
      62.717469536875726,
      57.87194190994228,
      54.76863117333717,
      5.183386660197018,
      34.496984210550565,
      48.903411237713705,
      39.721153637911364,
      45.666098629739956,
      37.0741848659576,
      2.6101142247341484,
      63.75239990552834,
      64.97232936207818,
      49.15159574098929,
      25.49303590865374,
      57.399758119532194,
      54.7825161120884,
      54.06143848756965,
      60.29606783561218,
      38.47463585005265,
      5.1196961765548,
      38.94824597762274,
      53.531942458002696,
      61.28370692794923,
      56.144514519964126,
      10.707627912315884,
      46.48085694156168,
      51.16334581693261,
      61.87656303682556,
      8.104586208823061,
      2.3343872778447747,
      58.855204163728416,
      34.952848045601456,
      3.551115105951364,
      40.33176644766167,
      7.722097164058179,
      2.9432780095555433,
      33.87219335639277,
      45.27786148862258,
      70.428989006419,
      58.1182892748815,
      50.088863655925444,
      69.13572275822074,
      83.298708974841,
      43.168079766328376,
      83.13721251123408,
      22.908741033249328,
      39.04897363709219,
      38.84474917202067,
      37.603146005937276,
      29.99631761655507,
      60.09045983671651,
      25.334653930596644,
      53.077444664115184,
      56.769749053715735,
      30.498073946767303,
      29.4793150986345,
      50.135191973168475,
      52.366048330134916,
      89.1866538666975,
      60.11721279960271,
      26.742357412041326,
      40.64528695649704,
      89.75189458515072,
      43.842990396212656,
      66.37077252024969,
      87.7071669211116,
      69.69577122777046,
      38.93893909593233,
      15.472248294050091,
      79.72444003202685,
      63.09041103256696,
      15.976931024201773,
      23.11872386199194,
      82.66284593434183,
      80.28343617100994,
      7.352936460732259,
      60.26047339989027
    ],
    [
      29.63531772572345,
      58.152665248892625,
      0.0,
      48.577389715625806,
      59.499876929924056,
      38.1569592126133,
      37.611197795522834,
      34.03647115326305,
      54.21551225220994,
      31.994290070149606,
      33.335216811155234,
      57.531538333340976,
      24.46646958645861,
      53.54329112347525,
      55.56001858789128,
      5.884225742849577,
      31.199869498924198,
      37.43879260882496,
      47.42170874554104,
      4.811588363243666,
      3.3825670012636473,
      5.480631539362122,
      4.067676613189956,
      45.06344413985301,
      53.54428872785518,
      29.365873054169167,
      5.618516037787181,
      29.970321392122393,
      2.0377922842046803,
      60.4921167972405,
      21.0707191810635,
      35.53211572220253,
      30.542466514900077,
      66.10677432975088,
      59.90177509735782,
      31.684428205808953,
      34.126291881484015,
      56.14072252147919,
      26.70968939376671,
      58.252282975222336,
      55.28263154294994,
      73.68453238241953,
      64.74924921855994,
      21.785177186490458,
      1.0,
      10.193613903659362,
      19.636694105866784,
      81.09828975652933,
      28.24555129657905,
      50.88096649166761,
      75.90022603696097,
      95.68613501156551,
      40.51789502911553,
      31.090460055614276,
      41.726072948486916,
      39.95417816179124,
      37.07749336058568,
      45.058773076747734,
      18.768510948545952,
      27.926235408316543,
      40.168161658831735,
      21.428203882926514,
      59.493517652208205,
      41.99532338636683,
      44.76477030556877,
      78.71240571171188,
      41.45163208325388,
      87.67892512682333,
      40.427370704187396,
      61.09082902211176,
      36.01462258389425,
      79.14296506188222,
      22.101580059772477,
      70.89940860735315,
      31.981811664400794,
      33.602378569390666,
      73.48244658278095,
      36.97215784990481,
      51.07586208126311,
      36.79823054050167,
      51.49488904609328,
      25.727566715786484
    ],
    [
      19.970135237557017,
      36.36407885157646,
      48.577389715625806,
      0.0,
      12.058497506820151,
      31.04223002540342,
      26.082318711318724,
      24.77368183500916,
      31.457794235990654,
      17.541165399284978,
      20.0548300272204,
      9.077894963752579,
      24.806606266060864,
      4.96608170201494,
      35.24835655829861,
      51.99269559065164,
      36.85730776777239,
      17.677815021193105,
      11.011526618880906,
      45.004235003327985,
      46.17421397094025,
      47.78013834969468,
      48.149555620310245,
      4.21383905500917,
      35.92457658717149,
      19.23778197195277,
      47.10709426263295,
      33.49454244398754,
      46.80422548739587,
      29.169714732913953,
      27.927182407064212,
      20.583385940908588,
      33.81860097199266,
      42.522554969140124,
      38.63223148007267,
      30.074073798936517,
      14.957203994964837,
      32.81614250370082,
      21.879848847792505,
      29.97591143285656,
      35.40724789195301,
      28.02908990800705,
      16.704398211445096,
      48.66889742893824,
      48.81120251688535,
      38.415393325424155,
      66.87565722619105,
      48.091499691809965,
      20.778154495924973,
      50.227741150459885,
      38.65343523140874,
      59.03980826375806,
      8.439209060436603,
      50.088726302996704,
      50.85329215452295,
      27.409733154038292,
      19.34712269436086,
      71.16438566869832,
      35.68609385785443,
      34.61782188363368,
      49.16854512806176,
      29.220221200801824,
      17.274836885532707,
      62.281752313398556,
      75.85647142190274,
      39.62651612376525,
      59.82422723278372,
      54.842922622876955,
      11.395950568606876,
      30.054476491177827,
      64.12424937517933,
      37.46196640347238,
      27.79769299624494,
      38.26407247637001,
      54.858756485571206,
      71.81587604660172,
      49.946740000830644,
      22.982676119923045,
      49.584151333154125,
      52.80926200955703,
      30.445709202738428,
      34.78160847927771
    ],
    [
      31.81524994492372,
      44.0788062444675,
      59.499876929924056,
      12.058497506820151,
      0.0,
      35.25929848502248,
      30.921480862129705,
      31.199348721096225,
      39.71255068678054,
      29.426145687528308,
      28.094003381492016,
      4.376212393927423,
      35.147993997680345,
      8.047385005387422,
      43.52615267816944,
      62.41403906042304,
      42.87704832074351,
      24.540002632658616,
      20.95269455923902,
      55.60956244621818,
      57.326185568893834,
      59.166143083405395,
      58.65741340318011,
      14.626247020339394,
      44.75781504215451,
      30.559733733488116,
      58.497876870725946,
      40.04742485218743,
      57.8294056995674,
      34.97499106826799,
      38.48022760392083,
      27.41649576227454,
      40.18638287115121,
      48.877686110345856,
      46.16376796460843,
      36.473135373628246,
      26.773029511859832,
      40.66964497860415,
      33.11050134849676,
      36.777990648151636,
      43.77217265279786,
      24.54664689135239,
      5.400644292607226,
      56.62974663171649,
      59.76545896980617,
      49.473281160054874,
      78.26777510704507,
      39.29930118882351,
      31.265764247708063,
      51.67645234596153,
      39.96789600733595,
      58.73473010649846,
      19.07659395649164,
      62.03368402068484,
      62.22174182695498,
      31.212659917745736,
      31.12543629604827,
      83.04020083058786,
      44.81279380056298,
      46.62103453833984,
      60.605176467979376,
      39.030654363941125,
      9.19047437581706,
      67.32263736194395,
      87.85670630495288,
      39.75818204555996,
      71.51657145962047,
      45.679213682941764,
      19.52156737657747,
      24.71229781857198,
      70.63150323685869,
      26.323024823281916,
      39.52200035337382,
      41.88984085596809,
      61.23273421586591,
      83.84639903934412,
      55.508307352025085,
      34.601609292440735,
      50.900419514571674,
      58.007468194649434,
      39.33866335103979,
      42.33961036134149
    ],
    [
      29.298793351855256,
      62.717469536875726,
      38.1569592126133,
      31.04223002540342,
      35.25929848502248,
      0.0,
      5.026548710325142,
      8.122958508432538,
      57.53873660750744,
      29.094812943054574,
      13.901339871588629,
      36.195580851557985,
      20.917281169971197,
      34.370744859083786,
      60.835879341200176,
      37.892329167479296,
      9.058034409713455,
      13.911341839000665,
      38.948992080993555,
      33.34550790378743,
      37.89434060088495,
      41.026396406276774,
      35.23251927035609,
      27.110621220324578,
      60.422841416159265,
      25.156798483027423,
      40.538126378928,
      8.389324954974542,
      37.462553280595834,
      58.27640711919453,
      22.854458889669434,
      11.574170088142777,
      7.960136025667128,
      70.15924977732087,
      65.04084385711326,
      6.680894465383346,
      27.98888762142597,
      59.33986214608023,
      25.056812970748954,
      58.09804314095294,
      60.828724283633726,
      58.28441143376264,
      40.27495743878643,
      24.760771763192782,
      38.55936514946351,
      31.58507721345765,
      57.375897454659956,
      43.46275061397136,
      21.154667840735083,
      20.434453889142144,
      69.53865547042214,
      90.05398558264946,
      24.721228149709468,
      58.203672980803475,
      64.56361944055168,
      4.066339109339149,
      38.09848640734639,
      77.87293161595767,
      19.406404476546903,
      44.8756899268621,
      62.65154280067096,
      19.561807584674643,
      29.900429786263544,
      32.06637027913411,
      79.79944342481645,
      70.65582587359297,
      69.84148493141174,
      49.82470868959478,
      20.056592119072327,
      24.62374022126097,
      35.87754012595018,
      45.04791675208747,
      31.086068582862808,
      68.32837918204478,
      26.560193109101615,
      70.7210194413163,
      78.06133362440995,
      41.35516777216716,
      19.99766164298565,
      22.76348728031781,
      55.57849218283374,
      12.605096266435766
    ],
    [
      25.070037173930473,
      57.87194190994228,
      37.611197795522834,
      26.082318711318724,
      30.921480862129705,
      5.026548710325142,
      0.0,
      4.217446484336182,
      52.689518988191104,
      24.63827550513504,
      9.358753297097303,
      31.567260378051603,
      17.66556264261663,
      29.54472245480297,
      56.033931920778265,
      38.12546402938899,
      12.088987375118197,
      8.899444328101884,
      33.93721001585351,
      32.852822204774185,
      36.906757522450796,
      39.86791665313005,
      35.101921542128196,
      22.11307805499674,
      55.69609144933223,
      20.939456602048804,
      39.326854289500666,
      9.8668171486749,
      36.66878718209439,
      53.275700933481694,
      20.122045716214398,
      6.731378478674982,
      9.78530386301556,
      65.25145385287848,
      60.19971911334256,
      6.6035160697925255,
      23.336449989215403,
      54.470938079335966,
      21.183699317329527,
      53.13806731812781,
      56.03815747173692,
      53.51032817049856,
      36.07260982244391,
      27.082046343442755,
      37.99446672800863,
      29.989712298538446,
      57.15178353004951,
      43.49154012463857,
      17.172133223242646,
      25.27775796115455,
      64.52708300028216,
      85.06252065177375,
      19.70349997309922,
      55.16380819641985,
      60.92188721860058,
      2.778786690355187,
      33.483970158315834,
      75.29044177268403,
      19.031928659882922,
      41.26233241694771,
      59.01202878778065,
      17.38780441662945,
      26.34185784865534,
      36.61180631778272,
      77.63711923789525,
      65.67332272186033,
      66.72121681422122,
      50.11314305475641,
      15.032630446120383,
      23.62157794890728,
      39.76173047060277,
      43.07531206832366,
      27.73272555928188,
      63.305666520305806,
      30.367941766396562,
      69.23487941190535,
      73.13618868464938,
      36.85077107902551,
      24.79133710550263,
      27.198914124533484,
      50.77926598018245,
      13.393809560159646
    ],
    [
      21.20412376258007,
      54.76863117333717,
      34.03647115326305,
      24.77368183500916,
      31.199348721096225,
      8.122958508432538,
      4.217446484336182,
      0.0,
      49.59891886433332,
      20.972766946976176,
      5.865268019557764,
      31.25616946107191,
      13.45029362416262,
      28.729519158980956,
      52.83909454284864,
      34.95785759150302,
      12.097437226146331,
      7.110107343884137,
      31.551157963217968,
      29.338165773700176,
      33.13977096394774,
      36.02044436818342,
      31.755943006073267,
      20.621614652902757,
      52.36651496323371,
      17.06032887611134,
      35.46169182442673,
      8.907025333266791,
      32.9858824551341,
      50.73847628105946,
      15.930362650462627,
      4.1962178121697535,
      9.134951863545343,
      62.30347934236822,
      57.08483961264519,
      5.364163945315965,
      19.92216878669884,
      51.426401734937556,
      17.11130904284657,
      50.38462026755405,
      52.82107200740953,
      52.67268353427772,
      36.51281846577439,
      25.591728322966855,
      34.408389681286494,
      26.030934098756866,
      53.651102899978426,
      47.221286903097514,
      13.139024176281572,
      28.49211924035984,
      62.64811042968884,
      83.31566386838529,
      17.52312114807248,
      50.950439376766376,
      56.80473335538443,
      6.993379940279579,
      30.00170491631508,
      71.08109476927008,
      15.815230098119322,
      37.12869943443192,
      54.893644510203956,
      13.34361207876215,
      27.79706574703577,
      37.517870133721935,
      73.47362308453171,
      64.01451207349788,
      62.514517039187915,
      53.91803580251856,
      13.386268230333307,
      27.057205449649157,
      39.66887195306092,
      45.7485080279016,
      23.536909723664014,
      60.980540739592264,
      30.30682217093793,
      65.22539243611857,
      70.23617192939588,
      33.234202776492104,
      28.08531577158063,
      28.046716147461943,
      47.582718203448856,
      11.339337206596495
    ],
    [
      30.300255332411407,
      5.183386660197018,
      54.21551225220994,
      31.457794235990654,
      39.71255068678054,
      57.53873660750744,
      52.689518988191104,
      49.59891886433332,
      0.0,
      29.42655119977213,
      43.733689132389344,
      35.33738847526168,
      40.69007274442866,
      32.45614166841679,
      3.830065997141311,
      59.70495320232618,
      59.87800379438109,
      43.96885305709301,
      20.50622542538743,
      53.190835395565074,
      50.86987819119051,
      50.36900075115357,
      56.159049207137876,
      33.41899718616832,
      5.4285552511998345,
      33.892865529962826,
      49.81168595152887,
      56.18577204052179,
      52.18999007280061,
      9.15106466353298,
      41.629325065451575,
      45.98231275637043,
      56.77252365205031,
      12.936645972143578,
      7.515031991823796,
      53.72001290110299,
      29.810425748016034,
      1.985940959836962,
      35.35521646977785,
      5.743256089435256,
      4.059625308288867,
      31.969834854465876,
      41.28663935020462,
      65.67823906405222,
      54.206425348576246,
      45.78925581124325,
      66.19394039354219,
      78.77709846894501,
      38.097426295230065,
      77.95628902145108,
      23.943349765277283,
      41.91453348710399,
      33.68534654695979,
      35.96406805200964,
      29.734969466656686,
      54.907355417127974,
      20.315203089437464,
      53.00567175772149,
      51.93380503668903,
      27.022728438199515,
      28.90499448103505,
      45.223915054139184,
      47.761654750345265,
      84.222202355913,
      59.73704425148912,
      27.553685518586622,
      40.464796244054284,
      85.30545804099961,
      38.68279512142685,
      61.50676314716164,
      82.93528265740099,
      65.63090169726192,
      34.342058169597365,
      17.346921887238263,
      74.83978837020358,
      61.57468390368134,
      20.91265273787019,
      18.34730105449299,
      77.48062337404143,
      75.2653128420665,
      2.72528057450806,
      55.24214348892493
    ],
    [
      2.452015532456374,
      34.496984210550565,
      31.994290070149606,
      17.541165399284978,
      29.426145687528308,
      29.094812943054574,
      24.63827550513504,
      20.972766946976176,
      29.42655119977213,
      0.0,
      15.282577896563248,
      26.59643941706417,
      11.554065213405732,
      22.36033997153644,
      32.37451964039378,
      36.129915626697915,
      30.483397145818525,
      16.962804241445706,
      15.766285489789613,
      29.02541707204022,
      29.287367638389775,
      30.566887439560638,
      32.24395953799295,
      15.01276128344449,
      31.644650895701286,
      4.483164671179683,
      29.893091501082864,
      26.800829937267498,
      30.09547134339422,
      32.37650765981483,
      13.343378054720079,
      18.03715256281443,
      27.404295281528192,
      42.34562337512115,
      36.76263075984444,
      24.52084858562737,
      2.704723888601075,
      31.350098157277625,
      6.422300764598283,
      31.242710362761034,
      32.308828340423794,
      41.80400060134294,
      34.24263403010297,
      37.30204619352232,
      32.17608054257703,
      21.842828489336377,
      49.57292772219102,
      60.74763538686294,
      8.671959185069385,
      49.41630800979736,
      46.45179184576006,
      67.08286369549413,
      11.187234561082734,
      34.357660991293116,
      37.67329473313418,
      27.204331652148234,
      9.211977472627677,
      55.50928267378895,
      23.34881643732242,
      18.9160443959779,
      35.80900727697715,
      16.359431470547598,
      32.390593524248246,
      54.918278334772225,
      59.50748019790252,
      48.687983507251765,
      45.12102233980132,
      67.6795100291079,
      14.375642776475063,
      40.60683247401462,
      54.293691810139165,
      53.23506429720546,
      10.346767515309484,
      43.07724260011997,
      45.79520194034623,
      54.52402268502292,
      50.327764834124324,
      12.262852363312863,
      49.03574388665291,
      45.868302566294375,
      27.170324967612817,
      25.8605818301588
    ],
    [
      15.755506149702262,
      48.903411237713705,
      33.335216811155234,
      20.0548300272204,
      28.094003381492016,
      13.901339871588629,
      9.358753297097303,
      5.865268019557764,
      43.733689132389344,
      15.282577896563248,
      0.0,
      27.449239451131774,
      9.921596728895723,
      24.42441301377435,
      46.978221157354646,
      35.23034151753511,
      17.211561028602436,
      4.104199232494851,
      25.90911508055549,
      28.91115863349613,
      31.884393924344266,
      34.44124805590926,
      31.691873627255834,
      15.840991052779021,
      46.52695751756591,
      11.651220065164186,
      33.82906443187056,
      13.656454344778888,
      31.995625289831203,
      44.985791722386956,
      13.1032255334673,
      3.0217808350841038,
      14.07037444839489,
      56.44544636938702,
      51.21983788872053,
      10.487207937683461,
      14.087834944364877,
      45.56230171001004,
      12.213262144482524,
      44.56491401291285,
      46.962440713923655,
      48.082470106502036,
      33.493053243116044,
      28.812902587169127,
      33.66827781984793,
      24.247894227904688,
      52.8922520852137,
      49.449905020931084,
      8.192983029675057,
      34.32316514764055,
      57.20869765265398,
      77.93040283097591,
      12.192743073468803,
      46.73389152084459,
      51.88512391171175,
      11.97157109750081,
      24.203162006853884,
      67.29542000287714,
      16.80326583420901,
      32.31988034459297,
      49.98125534348835,
      11.910747185176765,
      26.37408281943369,
      42.69310260821103,
      70.16490937140043,
      58.716111642935466,
      58.15010432547353,
      56.29744383027745,
      8.872134530079764,
      28.938286232869952,
      44.083010059883705,
      45.82692244277285,
      19.25755235301278,
      55.30403786953641,
      34.855459241461396,
      62.77569010940625,
      64.38269420251272,
      27.512362840297147,
      33.897965930984086,
      33.263001457021026,
      41.721397073074364,
      14.742087014536029
    ],
    [
      29.033152433944057,
      39.721153637911364,
      57.531538333340976,
      9.077894963752579,
      4.376212393927423,
      36.195580851557985,
      31.567260378051603,
      31.25616946107191,
      35.33738847526168,
      26.59643941706417,
      27.449239451131774,
      0.0,
      33.485814342963934,
      4.302577477265497,
      39.15201409166811,
      60.77863347828003,
      43.22684272102838,
      24.28689148797506,
      16.771918214513757,
      53.84872199742782,
      55.18829061756132,
      56.84069947331929,
      56.962823700024465,
      12.515855975104794,
      40.38335261671966,
      28.255779079991367,
      56.16810810948247,
      40.1628650641051,
      55.78616964849301,
      30.731507225984053,
      36.71032090448047,
      27.24448743274117,
      40.37639988627326,
      44.62598314343698,
      41.8171480039871,
      36.612450997584595,
      24.03109927030835,
      36.30346089701722,
      30.880410577118294,
      32.45746092636799,
      39.39701110944218,
      22.309851874900243,
      7.752591133645273,
      56.25006109722483,
      57.7748997893989,
      47.39769133899396,
      75.94149476656125,
      43.615413147004745,
      29.49723989140014,
      53.691887485618786,
      36.52587678093088,
      55.82315911595738,
      17.06790565919462,
      58.36091376147619,
      58.16785016737091,
      32.23199112889679,
      27.387578515759568,
      79.26661715095973,
      43.83649137762008,
      43.07003362748243,
      56.58090724621415,
      37.67813546142816,
      13.076835506282126,
      68.17570208445886,
      84.24885138257294,
      36.60982612480154,
      67.60929712421546,
      50.03092469544277,
      18.60085889907014,
      28.33733991201726,
      70.91981379547684,
      30.620118836374328,
      36.87341265867914,
      37.98823736431177,
      61.54494297590261,
      80.67412420156424,
      51.363297669768635,
      30.74018171299875,
      52.95284483014764,
      58.7648039936397,
      34.96803848214173,
      42.061043207826934
    ],
    [
      10.390136519675943,
      45.666098629739956,
      24.46646958645861,
      24.806606266060864,
      35.147993997680345,
      20.917281169971197,
      17.66556264261663,
      13.45029362416262,
      40.69007274442866,
      11.554065213405732,
      9.921596728895723,
      33.485814342963934,
      0.0,
      29.72102157395205,
      43.42627340082732,
      27.307681070249433,
      19.909601616760934,
      13.781423641548352,
      26.615449885624262,
      20.461866179953613,
      22.593529565680612,
      24.897658984871022,
      23.520154313501276,
      20.976536910100375,
      42.43017609983412,
      7.178009259045895,
      24.262074530892924,
      16.3807292458188,
      22.910007480391688,
      43.9293966482295,
      3.4212479245655594,
      12.764200438240996,
      17.05446144625247,
      53.62602579309603,
      47.88349039833318,
      14.980098442427277,
      12.298662445946787,
      42.643633537028286,
      5.335476277739627,
      42.76629975308954,
      43.32084588643893,
      51.74014284611633,
      40.45894618723032,
      25.820059695616145,
      24.756519739860032,
      14.76302222033211,
      43.708281752301964,
      59.36993054357471,
      4.034203656305723,
      40.21716580689978,
      57.831262232508685,
      78.52265506537549,
      16.440535694240268,
      37.50087454761809,
      43.669095478906456,
      20.44324501738499,
      20.38210053359569,
      57.7146590024223,
      11.89767598833462,
      23.994164284187676,
      41.75762461296551,
      4.881516308290089,
      35.1606417469567,
      43.53215065173791,
      60.355409944952434,
      59.92340038308493,
      49.075913917522506,
      66.2122642451771,
      15.964359824246968,
      38.85987424866053,
      42.74323565505143,
      55.256481003073276,
      10.170282984251408,
      54.62512896424759,
      34.267426386549005,
      52.86214127814376,
      61.596017469527695,
      22.726109650341687,
      39.97231512926275,
      34.644090259564166,
      38.31316324500225,
      14.655188263481426
    ],
    [
      24.804204309322117,
      37.0741848659576,
      53.54329112347525,
      4.96608170201494,
      8.047385005387422,
      34.370744859083786,
      29.54472245480297,
      28.729519158980956,
      32.45614166841679,
      22.36033997153644,
      24.42441301377435,
      4.302577477265497,
      29.72102157395205,
      0.0,
      36.28620761569105,
      56.9418520762288,
      40.81440975229116,
      21.635920482688512,
      12.988353497782649,
      49.962271568295165,
      51.132436641457176,
      52.713015922478746,
      53.10307515985272,
      8.835720761849663,
      37.31226608793839,
      24.19901501494509,
      52.03957297591899,
      37.58257564270873,
      51.76828594102862,
      28.759522749001647,
      32.87010773901499,
      24.596785250927223,
      37.85519500225216,
      42.525149029652646,
      39.251417989421704,
      34.0861867363286,
      19.82774205949386,
      33.58242619135413,
      26.843638633882797,
      30.112373373104074,
      36.499286756120576,
      23.98852229285481,
      12.054147016789802,
      53.19835340242745,
      53.776699502695706,
      43.37981014989123,
      71.80025845703086,
      46.33226785422604,
      25.700002306247757,
      52.78167333971361,
      36.343452911694875,
      56.28205520334936,
      13.295513856761803,
      54.127372970571066,
      54.17462802729611,
      30.541817579673047,
      23.16776547393116,
      75.07641269730661,
      40.43004589041417,
      38.79865051634329,
      52.558164788700104,
      34.06883438168227,
      15.306753281440253,
      66.06726360055502,
      79.99817586683466,
      36.88455423338318,
      63.49320751298174,
      52.91144846214212,
      15.575702229479953,
      29.708913870953396,
      68.32815630298913,
      34.27635285264171,
      32.6673522434714,
      36.913737740650554,
      59.00240078386956,
      76.37181133631411,
      49.59024229976303,
      26.586821270272736,
      52.08689621459986,
      56.60859361988631,
      31.84136750345448,
      39.15650029449725
    ],
    [
      33.058313489183476,
      2.6101142247341484,
      55.56001858789128,
      35.24835655829861,
      43.52615267816944,
      60.835879341200176,
      56.033931920778265,
      52.83909454284864,
      3.830065997141311,
      32.37451964039378,
      46.978221157354646,
      39.15201409166811,
      43.42627340082732,
      36.28620761569105,
      0.0,
      61.169989129577026,
      62.856396520802754,
      47.38316026535261,
      24.27353127882685,
      54.841662788140326,
      52.1883688526026,
      51.45449382368623,
      57.725975059879026,
      37.12682072023112,
      2.7637300344059037,
      36.7993063598139,
      50.926104651352134,
      59.17531376022597,
      53.55381938369901,
      11.61840704623642,
      44.14779737977471,
      49.310237159372456,
      59.77784495006407,
      10.614583647725722,
      4.505913683045562,
      56.81815096401676,
      32.95661844885583,
      3.2092721076020227,
      38.09826403316653,
      8.29732621905221,
      1.0,
      34.838551175601715,
      45.02843828312881,
      68.02757155329466,
      55.52349350635513,
      47.55041855160259,
      66.55379365485616,
      82.60640323520902,
      41.03365099278613,
      81.26874592412669,
      24.980271106104986,
      41.5844030981477,
      37.238978139422954,
      35.20420191262473,
      27.949594343857118,
      58.305433909516516,
      23.17471662255406,
      51.13753920522512,
      54.42001588901206,
      27.888579285243615,
      27.333618042226295,
      47.839367065833024,
      51.59168027019332,
      86.91616789653146,
      58.081498899612484,
      28.76100834337918,
      38.651202398648635,
      89.13114361933053,
      42.22925174817908,
      65.30197362005725,
      85.31158285507274,
      69.39770666551608,
      36.491597756212435,
      17.736463032548077,
      77.39630590134901,
      60.742242933973436,
      18.376745310754494,
      20.78295246608627,
      80.81178710969499,
      78.06569019619741,
      5.257480759255755,
      58.05095354527238
    ],
    [
      33.87375931421778,
      63.75239990552834,
      5.884225742849577,
      51.99269559065164,
      62.41403906042304,
      37.892329167479296,
      38.12546402938899,
      34.95785759150302,
      59.70495320232618,
      36.129915626697915,
      35.23034151753511,
      60.77863347828003,
      27.307681070249433,
      56.9418520762288,
      61.169989129577026,
      0.0,
      30.04781723640947,
      39.29633725133455,
      51.80299314394538,
      7.104594702923075,
      9.202834300706794,
      11.172548647009185,
      3.8875865187991474,
      48.26303285712978,
      59.21060456260169,
      33.03569066203675,
      11.413259379739172,
      29.511642051094658,
      7.738073982840173,
      65.7066539174728,
      24.075724710598596,
      37.06920717167734,
      29.991853317119837,
      71.74550328156711,
      65.5443228625847,
      31.79202334752102,
      38.04227203399105,
      61.64656506752336,
      30.38370157228467,
      63.57813017649591,
      60.90312632606295,
      77.93271517225776,
      67.74814095952581,
      18.14493671001139,
      6.06492757678239,
      14.500013552766713,
      19.744381400184924,
      81.30272413011176,
      31.28140829443217,
      48.40666518852141,
      80.98692964892649,
      100.96254031603252,
      43.713804016259765,
      36.75789238243398,
      47.51954830263304,
      40.217330862383896,
      41.971302892726726,
      49.61540021281255,
      19.15204938511752,
      33.68600311860637,
      45.98620463275132,
      23.501676982772025,
      61.60387687870594,
      37.404305218770496,
      48.65748445592883,
      83.6938879720235,
      46.827978669225374,
      87.71530247754346,
      43.014082434076826,
      61.74539304640861,
      30.793918163689643,
      80.62964217240915,
      26.74013855402074,
      76.20676434022313,
      27.70285743483181,
      36.61370390975687,
      79.18539637783425,
      42.16048937767593,
      48.69580622007283,
      33.124949404829856,
      56.99233988479262,
      25.290215302625953
    ],
    [
      29.946087555754982,
      64.97232936207818,
      31.199869498924198,
      36.85730776777239,
      42.87704832074351,
      9.058034409713455,
      12.088987375118197,
      12.097437226146331,
      59.87800379438109,
      30.483397145818525,
      17.211561028602436,
      43.22684272102838,
      19.909601616760934,
      40.81440975229116,
      62.856396520802754,
      30.04781723640947,
      0.0,
      19.20749214505168,
      43.05282756504084,
      26.461986592437277,
      31.538011105607612,
      34.8272809400192,
      27.843315446235565,
      32.68810698910236,
      62.05468411870745,
      26.065967990416638,
      34.428532405810785,
      3.6977357442602137,
      30.850356563282503,
      61.91755784748324,
      20.50614932371799,
      16.275918716698346,
      3.165065018206288,
      72.76587077903139,
      67.24395960293027,
      6.793273547741139,
      30.164472789766773,
      61.782064695711,
      25.03734526602517,
      61.2626264261498,
      62.786326871908685,
      64.7687995037574,
      48.08893943809649,
      15.719605317733533,
      31.61660759968222,
      26.414892886438047,
      49.766053513337255,
      51.95946759341673,
      21.825008110673824,
      21.177896247377593,
      74.41796976879057,
      95.14195215383097,
      29.367894513639403,
      54.90833884504822,
      62.55376813521359,
      12.711005738937745,
      39.68371739785913,
      73.44081505572522,
      13.332985854888939,
      43.18194523559573,
      60.6627282458853,
      16.59612542441821,
      38.38535715598285,
      25.500041341352073,
