{
  "dist": [
    [
      0.0,
      17.380751437384113,
      23.51158132156506,
      31.673486627442482,
      31.392066720569517,
      27.07323681824462,
      29.251017900279756,
      28.852808439941608,
      33.26397028063633,
      18.132490645963742,
      25.909119533768717,
      28.116201503230396,
      13.868644346365787,
      17.275315877226088,
      23.786142384344288,
      19.3641864431978,
      21.90591104325934
    ],
    [
      17.380751437384113,
      0.0,
      6.178469959143097,
      48.12065832092648,
      48.63473278242422,
      44.453743999835815,
      46.49725208503568,
      44.89234146121702,
      50.405546729834235,
      0.7825447231336923,
      8.669740409274063,
      45.337927081008,
      9.066526664237777,
      5.125532025484932,
      6.886722908924073,
      3.6717767934015764,
      4.5315546837907315
    ],
    [
      23.51158132156506,
      6.178469959143097,
      0.0,
      53.84484401247321,
      54.64813136354133,
      50.57225997785111,
      52.66994595845042,
      50.50999874731075,
      56.37039370250763,
      5.47775113248746,
      3.6465399685118824,
      51.5124289544296,
      14.167038500951678,
      8.122336211019215,
      3.845279859869541,
      4.997268151000654,
      1.9689443215487725
    ],
    [
      31.673486627442482,
      48.12065832092648,
      53.84484401247321,
      0.0,
      7.918202048150069,
      12.564985863109271,
      17.168492863954903,
      3.9192799385911536,
      6.797935782603481,
      48.902999552012886,
      56.78345606808314,
      17.459511556421443,
      45.452574628840054,
      46.202541098513954,
      54.91158808276343,
      49.05069551834205,
      52.56536964628537
    ],
    [
      31.392066720569517,
      48.63473278242422,
      54.64813136354133,
      7.918202048150069,
      0.0,
      6.151012773954219,
      9.723803486356353,
      10.542934779893388,
      2.4236393878195384,
      49.40392006664857,
      57.25150246703693,
      10.27555395222792,
      44.54023358234468,
      47.5252154665268,
      55.17097860522973,
      50.12226448126867,
      53.162709994797545
    ],
    [
      27.07323681824462,
      44.453743999835815,
      50.57225997785111,
      12.564985863109271,
      6.151012773954219,
      0.0,
      5.096672392445734,
      13.729440893143833,
      8.57460230584686,
      45.20556601576648,
      52.95290755252058,
      5.039286759974829,
      39.62371913412929,
      43.86354879318625,
      50.7717198057767,
      46.26383672082986,
      48.97896202334298
    ],
    [
      29.251017900279756,
      46.49725208503568,
      52.66994595845042,
      17.168492863954903,
      9.723803486356353,
      5.096672392445734,
      0.0,
      18.721067219092593,
      11.92436902003823,
      47.223046927876645,
      54.79514367728655,
      1.2136675857081802,
      40.833103372640956,
      46.420424712925744,
      52.517846466803775,
      48.61443458959944,
      50.97717742136297
    ],
    [
      28.852808439941608,
      44.89234146121702,
      50.50999874731075,
      3.9192799385911536,
      10.542934779893388,
      13.729440893143833,
      18.721067219092593,
      0.0,
      10.091039525923762,
      45.674649132028485,
      53.53181138754243,
      18.768721607140854,
      42.71142863343577,
      42.76163688030202,
      51.72813814401029,
      45.66261139602716,
      49.29281423764743
    ],
    [
      33.26397028063633,
      50.405546729834235,
      56.37039370250763,
      6.797935782603481,
      2.4236393878195384,
      8.57460230584686,
      11.92436902003823,
      10.091039525923762,
      0.0,
      51.17907942788698,
      59.047551022705306,
      12.563048269003154,
      46.568003882594176,
      49.11845267803288,
      57.005366011930235,
      51.777699847878424,
      54.92542106297581
    ],
    [
      18.132490645963742,
      0.7825447231336923,
      5.47775113248746,
      48.902999552012886,
      49.40392006664857,
      45.20556601576648,
      47.223046927876645,
      45.674649132028485,
      51.17907942788698,
      0.0,
      7.889094918238777,
      46.06145352320257,
      9.375925002265591,
      5.515372776523448,
      6.114820994679314,
      3.601830104520879,
      3.7734207995484033
    ],
    [
      25.909119533768717,
      8.669740409274063,
      3.6465399685118824,
      56.78345606808314,
      57.25150246703693,
      52.95290755252058,
      54.79514367728655,
      53.53181138754243,
      59.047551022705306,
      7.889094918238777,
      0.0,
      53.61904814106454,
      14.947238860854155,
      11.628589810291041,
      2.471585024319584,
      8.491484966259899,
      4.260060827710976
    ],
    [
      28.116201503230396,
      45.337927081008,
      51.5124289544296,
      17.459511556421443,
      10.27555395222792,
      5.039286759974829,
      1.2136675857081802,
      18.768721607140854,
      12.563048269003154,
      46.06145352320257,
      53.61904814106454,
      0.0,
      39.63062078673072,
      45.308377261840775,
      51.33655112894877,
      47.480317285068296,
      49.81276059062047
    ],
    [
      13.868644346365787,
      9.066526664237777,
      14.167038500951678,
      45.452574628840054,
      44.54023358234468,
      39.62371913412929,
      40.833103372640956,
      42.71142863343577,
      46.568003882594176,
      9.375925002265591,
      14.947238860854155,
      39.63062078673072,
      0.0,
      13.100878297639914,
      12.484537292413643,
      12.70021694957981,
      12.198719503129187
    ],
    [
      17.275315877226088,
      5.125532025484932,
      8.122336211019215,
      46.202541098513954,
      47.5252154665268,
      43.86354879318625,
      46.420424712925744,
      42.76163688030202,
      49.11845267803288,
      5.515372776523448,
      11.628589810291041,
      45.308377261840775,
      13.100878297639914,
      0.0,
      10.688956005447942,
      3.138957949704464,
      7.571299215990436
    ],
    [
      23.786142384344288,
      6.886722908924073,
      3.845279859869541,
      54.91158808276343,
      55.17097860522973,
      50.7717198057767,
      52.517846466803775,
      51.72813814401029,
      57.005366011930235,
      6.114820994679314,
      2.471585024319584,
      51.33655112894877,
      12.484537292413643,
      10.688956005447942,
      0.0,
      7.670934631412331,
      3.175177966449188
    ],
    [
      19.3641864431978,
      3.6717767934015764,
      4.997268151000654,
      49.05069551834205,
      50.12226448126867,
      46.26383672082986,
      48.61443458959944,
      45.66261139602716,
      51.777699847878424,
      3.601830104520879,
      8.491484966259899,
      47.480317285068296,
      12.70021694957981,
      3.138957949704464,
      7.670934631412331,
      0.0,
      4.5070901262599765
    ],
    [
      21.90591104325934,
      4.5315546837907315,
      1.9689443215487725,
      52.56536964628537,
      53.162709994797545,
      48.97896202334298,
      50.97717742136297,
      49.29281423764743,
      54.92542106297581,
      3.7734207995484033,
      4.260060827710976,
      49.81276059062047,
      12.198719503129187,
      7.571299215990436,
      3.175177966449188,
      4.5070901262599765,
      0.0
    ]
  ],
  "u": [
    [
      1,
      1,
      0,
      0,
      1,
      0,
      0,
      1,
      0,
      1,
      0,
      0,
      0,
      0,
      0,
      0,
      1
    ],
    [
      1,
      0,
      1,
      1,
      0,
      1,
      0,
      0,
      0,
      0,
      0,
      1,
      0,
      0,
      1,
      0,
      0
    ],
    [
      1,
      0,
      1,
      0,
      0,
      1,
      0,
      0,
      0,
      0,
      0,
      0,
      0,
      1,
      0,
      1,
      0
    ],
    [
      1,
      0,
      1,
      0,
      1,
      0,
      1,
      0,
      1,
      1,
      1,
      0,
      1,
      0,
      1,
      0,
      1
    ]
  ],
  "name": "C-n16-k4-tight-s3",
  "metadata": {
    "kind": "C",
    "n_customers": 16,
    "m_vehicles": 4,
    "tight": true,
    "compat_prob": 0.3,
    "seed": 3,
    "solomon": null
  },
  "coords": [
    [
      50.0,
      50.0
    ],
    [
      66.8686103596273,
      54.18813861556713
    ],
    [
      73.01699411847493,
      54.797128098212276
    ],
    [
      24.82647651189276,
      30.77752694546066
    ],
    [
      21.09247996036036,
      37.76001886657823
    ],
    [
      23.76942704757852,
      43.29797087409709
    ],
    [
      20.857649058437,
      47.48098634357237
    ],
    [
      28.735793836449115,
      30.498254152359326
    ],
    [
      20.021206983737287,
      35.58598986682974
    ],
    [
      67.54337279180542,
      54.58446159474629
    ],
    [
      74.61936843427371,
      58.07274258926934
    ],
    [
      21.95507176995735,
      47.99930323586708
    ],
    [
      59.77656333707273,
      59.83656979450606
    ],
    [
      67.2506335252152,
      49.07686315388187
    ],
    [
      72.19499560253178,
      58.55352206590331
    ],
    [
      69.31014274171665,
      51.44571916410251
    ],
    [
      71.19371189858391,
      55.54035329153423
    ]
  ]
}