{
  "dist": [
    [
      0.0,
      31.21451486403615,
      51.50440897005901,
      24.95195978577347,
      54.34153689203705,
      27.463419225112265,
      35.54341462556319,
      18.22091810316336,
      15.394898795382893,
      50.20050785110897,
      33.0992646370904,
      15.443630506505274,
      47.85188486077466,
      46.155241755365736,
      19.59304052414352,
      55.7379489853327
    ],
    [
      31.21451486403615,
      0.0,
      58.99619578422468,
      54.729705449852915,
      25.426339493363553,
      35.91903155420845,
      33.52964012162324,
      40.8343710120377,
      37.147834775741345,
      80.37936158618507,
      17.11061721117211,
      22.86979080618551,
      78.99311264948288,
      62.82745132270786,
      44.7260664879637,
      24.7904247541348
    ],
    [
      51.50440897005901,
      58.99619578422468,
      0.0,
      67.16888675107846,
      62.74030373602529,
      78.1413459729137,
      25.858243458826646,
      69.20866538726739,
      66.7980278063302,
      61.06802498540925,
      43.322119014557956,
      62.845757958465065,
      68.79688028129354,
      96.89269279828582,
      69.28785267117011,
      70.71311901479444
    ],
    [
      24.95195978577347,
      54.729705449852915,
      67.16888675107846,
      0.0,
      78.95534616060532,
      33.282036129933736,
      57.97341785268768,
      17.764639713755567,
      20.1339308932024,
      37.01421007000865,
      58.006587465125776,
      33.4501045336294,
      29.487913313210456,
      34.31900800178657,
      13.379603453524384,
      79.51986548618724
    ],
    [
      54.34153689203705,
      25.426339493363553,
      62.74030373602529,
      78.95534616060532,
      0.0,
      60.854727058218714,
      38.62095593832466,
      66.11154827892774,
      62.39374738659397,
      100.09774659592884,
      24.280722865215036,
      48.25404490410908,
      100.67987503113626,
      87.87758702479574,
      69.85123826229352,
      9.461258107631682
    ],
    [
      27.463419225112265,
      35.91903155420845,
      78.1413459729137,
      33.282036129933736,
      60.854727058218714,
      0.0,
      58.30645252435783,
      15.810719622505118,
      14.979105400012129,
      69.29408057856055,
      48.44359075890005,
      16.26747525737666,
      62.74605206061909,
      27.02552736259981,
      19.927933192617175,
      57.778097895065535
    ],
    [
      35.54341462556319,
      33.52964012162324,
      25.858243458826646,
      57.97341785268768,
      38.62095593832466,
      58.30645252435783,
      0.0,
      53.51730765678817,
      50.28538005203988,
      66.95182533519444,
      17.464653346707298,
      42.08462078265665,
      70.67222503554487,
      81.17324144197248,
      55.13182819044636,
      45.73292668700659
    ],
    [
      18.22091810316336,
      40.8343710120377,
      69.20866538726739,
      17.764639713755567,
      66.11154827892774,
      15.810719622505118,
      53.51730765678817,
      0.0,
      3.74311037292175,
      53.498234146453456,
      48.37857058504916,
      18.041303395468205,
      47.07302296754701,
      27.944700966962067,
      4.542748288080647,
      65.18030606475264
    ],
    [
      15.394898795382893,
      37.147834775741345,
      66.7980278063302,
      20.1339308932024,
      62.39374738659397,
      14.979105400012129,
      50.28538005203988,
      3.74311037292175,
      0.0,
      54.693059208829176,
      44.701916317990964,
      14.427348354911967,
      48.9585199770175,
      30.927179097746286,
      7.736471534306294,
      61.5670538348081
    ],
    [
      50.20050785110897,
      80.37936158618507,
      61.06802498540925,
      37.01421007000865,
      100.09774659592884,
      69.29408057856055,
      66.95182533519444,
      53.498234146453456,
      54.693059208829176,
      0.0,
      75.98606681874661,
      64.48372943794536,
      11.986064027702966,
      69.26261512187921,
      49.66412159188256,
      103.6667821813972
    ],
    [
      33.0992646370904,
      17.11061721117211,
      43.322119014557956,
      58.006587465125776,
      24.280722865215036,
      48.44359075890005,
      17.464653346707298,
      48.37857058504916,
      44.701916317990964,
      75.98606681874661,
      0.0,
      32.70173339546564,
      77.18128142932986,
      74.0618302232899,
      51.26740910048248,
      29.619944102366148
    ],
    [
      15.443630506505274,
      22.86979080618551,
      62.845757958465065,
      33.4501045336294,
      48.25404490410908,
      16.26747525737666,
      42.08462078265665,
      18.041303395468205,
      14.427348354911967,
      64.48372943794536,
      32.70173339546564,
      0.0,
      60.60159802429769,
      41.40861110123057,
      22.133456980069365,
      47.14484484476617
    ],
    [
      47.85188486077466,
      78.99311264948288,
      68.79688028129354,
      29.487913313210456,
      100.67987503113626,
      62.74605206061909,
      70.67222503554487,
      47.07302296754701,
      48.9585199770175,
      11.986064027702966,
      77.18128142932986,
      60.60159802429769,
      0.0,
      59.20292929158787,
      42.81865999493532,
      103.19533178603318
    ],
    [
      46.155241755365736,
      62.82745132270786,
      96.89269279828582,
      34.31900800178657,
      87.87758702479574,
      27.02552736259981,
      81.17324144197248,
      27.944700966962067,
      30.927179097746286,
      69.26261512187921,
      74.0618302232899,
      41.40861110123057,
      59.20292929158787,
      0.0,
      27.649147541445508,
      84.63803909158676
    ],
    [
      19.59304052414352,
      44.7260664879637,
      69.28785267117011,
      13.379603453524384,
      69.85123826229352,
      19.927933192617175,
      55.13182819044636,
      4.542748288080647,
      7.736471534306294,
      49.66412159188256,
      51.26740910048248,
      22.133456980069365,
      42.81865999493532,
      27.649147541445508,
      0.0,
      69.24263246846165
    ],
    [
      55.7379489853327,
      24.7904247541348,
      70.71311901479444,
      79.51986548618724,
      9.461258107631682,
      57.778097895065535,
      45.73292668700659,
      65.18030606475264,
      61.5670538348081,
      103.6667821813972,
      29.619944102366148,
      47.14484484476617,
      103.19533178603318,
      84.63803909158676,
      69.24263246846165,
      0.0
    ]
  ],
  "u": [
    [
      1,
      1,
      0,
      1,
      1,
      0,
      1,
      1,
      1,
      1,
      1,
      1,
      1,
      1,
      1,
      1
    ],
    [
      1,
      1,
      1,
      1,
      1,
      1,
      0,
      0,
      1,
      0,
      1,
      1,
      1,
      1,
      1,
      0
    ],
    [
      1,
      0,
      1,
      1,
      1,
      1,
      0,
      1,
      0,
      1,
      0,
      1,
      1,
      1,
      1,
      1
    ]
  ],
  "name": "R-n15-k3-relaxed-s2",
  "metadata": {
    "kind": "R",
    "n_customers": 15,
    "m_vehicles": 3,
    "tight": false,
    "compat_prob": 0.7,
    "seed": 2,
    "solomon": null
  },
  "coords": [
    [
      50.0,
      50.0
    ],
    [
      26.16121342493164,
      29.84911434141233
    ],
    [
      81.42257405942803,
      9.19159421350969
    ],
    [
      60.0100525965654,
      72.85605268117946
    ],
    [
      18.790107336660345,
      5.514662733306819
    ],
    [
      27.49693679060381,
      65.74330148755926
    ],
    [
      56.2265662780428,
      15.006226330533611
    ],
    [
      43.26307908047872,
      66.92972985745203
    ],
    [
      42.278467327012784,
      63.31843992741164
    ],
    [
      96.74359524936766,
      68.30648223096253
    ],
    [
      39.162483308002614,
      18.725256972009806
    ],
    [
      34.59606655717331,
      51.10659735695771
    ],
    [
      89.12094095005791,
      77.55639424726894
    ],
    [
      31.814660061537438,
      92.42168965068241
    ],
    [
      47.090988541575754,
      69.375884220223
    ],
    [
      10.720730845358805,
      10.454355843294149
    ]
  ]
}