{
  "dist": [
    [
      0.0,
      45.061878846557,
      57.26331352937896,
      20.319014710275024,
      34.00496828887678,
      47.50367620897238,
      25.636655127630885,
      33.49364198288026,
      20.222443348986904,
      37.85664707141006,
      38.00443953202737,
      33.30206943575534,
      48.09652404394944,
      51.34762720267529,
      22.688584894314886,
      57.96438157478345
    ],
    [
      45.061878846557,
      0.0,
      36.76664882114746,
      56.37993851715001,
      62.66961867743472,
      92.36772153823985,
      47.793605403970155,
      24.374592015459754,
      53.8980661003575,
      66.5064262452356,
      75.40827136988999,
      71.12498900592658,
      4.031967939355236,
      50.32699902138692,
      67.42140386837305,
      35.17084837949142
    ],
    [
      57.26331352937896,
      36.76664882114746,
      0.0,
      55.14327684241237,
      87.07684220273266,
      100.6371796269462,
      73.47291807306047,
      24.516870194979568,
      52.0064674016469,
      54.56302797277704,
      68.88927513398217,
      90.22362181259797,
      34.25376089455982,
      84.75938729361758,
      78.03342440831054,
      2.6919618501035085
    ],
    [
      20.319014710275024,
      56.37993851715001,
      55.14327684241237,
      0.0,
      51.606454626693996,
      46.16954242113494,
      45.6361258378913,
      36.554079892330854,
      3.1383229188851067,
      17.89351306090264,
      19.408921737673122,
      46.12340533654176,
      58.374675087186816,
      71.63474934723297,
      27.214983395322882,
      56.71204914029136
    ],
    [
      34.00496828887678,
      62.66961867743472,
      87.07684220273266,
      51.606454626693996,
      0.0,
      47.2222056801859,
      14.876384120386462,
      62.59313534183565,
      52.63751272412371,
      69.36875958641008,
      64.1295715682597,
      15.022688047789055,
      66.63107138325424,
      34.28430991631442,
      31.55530661788306,
      87.14186367963237
    ],
    [
      47.50367620897238,
      92.36772153823985,
      100.6371796269462,
      46.16954242113494,
      47.2222056801859,
      0.0,
      54.97993775251424,
      79.19986235072024,
      49.207340764812145,
      56.01108536937083,
      41.82360238873853,
      32.2865190516488,
      95.53513354612281,
      80.9893301508407,
      24.947243411580768,
      101.9475292936943
    ],
    [
      25.636655127630885,
      47.793605403970155,
      73.47291807306047,
      45.6361258378913,
      14.876384120386462,
      54.97993775251424,
      0.0,
      49.2172169983758,
      45.82045400326179,
      63.40173646867632,
      61.53420447439172,
      25.775378486222678,
      51.757715962408525,
      27.95727520579871,
      33.66275654409099,
      73.34303413767061
    ],
    [
      33.49364198288026,
      24.374592015459754,
      24.516870194979568,
      36.554079892330854,
      62.59313534183565,
      79.19986235072024,
      49.2172169983758,
      0.0,
      33.59804406723179,
      43.21606013828815,
      54.10574124034681,
      65.95576917531426,
      24.728554072997746,
      63.512179997388685,
      55.353482918071606,
      24.8050404611225
    ],
    [
      20.222443348986904,
      53.8980661003575,
      52.0064674016469,
      3.1383229188851067,
      52.63751272412371,
      49.207340764812145,
      45.82045400326179,
      33.59804406723179,
      0.0,
      17.64976502227574,
      21.563746735750343,
      47.95004861654001,
      55.7766875310057,
      71.21601381636374,
      29.6393601253254,
      53.5738595727772
    ],
    [
      37.85664707141006,
      66.5064262452356,
      54.56302797277704,
      17.89351306090264,
      69.36875958641008,
      56.01108536937083,
      63.40173646867632,
      43.21606013828815,
      17.64976502227574,
      0.0,
      15.698019087317878,
      62.841891892832685,
      67.59848716651355,
      88.79321330223631,
      42.63000017507534,
      56.74367240665535
    ],
    [
      38.00443953202737,
      75.40827136988999,
      68.88927513398217,
      19.408921737673122,
      64.1295715682597,
      41.82360238873853,
      61.53420447439172,
      54.10574124034681,
      21.563746735750343,
      15.698019087317878,
      0.0,
      54.72087087174687,
      77.16915610343172,
      88.81186899106558,
      33.808605105800844,
      70.89054677438241
    ],
    [
      33.30206943575534,
      71.12498900592658,
      90.22362181259797,
      46.12340533654176,
      15.022688047789055,
      32.2865190516488,
      25.775378486222678,
      65.95576917531426,
      47.95004861654001,
      62.841891892832685,
      54.72087087174687,
      0.0,
      74.88504634648561,
      49.20560588595601,
      20.91673964072993,
      90.73005255980883
    ],
    [
      48.09652404394944,
      4.031967939355236,
      34.25376089455982,
      58.374675087186816,
      66.63107138325424,
      95.53513354612281,
      51.757715962408525,
      24.728554072997746,
      55.7766875310057,
      67.59848716651355,
      77.16915610343172,
      74.88504634648561,
      0.0,
      54.08595542959152,
      70.60730880822418,
      32.4719009234997
    ],
    [
      51.34762720267529,
      50.32699902138692,
      84.75938729361758,
      71.63474934723297,
      34.28430991631442,
      80.9893301508407,
      27.95727520579871,
      63.512179997388685,
      71.21601381636374,
      88.79321330223631,
      88.81186899106558,
      49.20560588595601,
      54.08595542959152,
      0.0,
      61.430851171973416,
      83.76757762214284
    ],
    [
      22.688584894314886,
      67.42140386837305,
      78.03342440831054,
      27.214983395322882,
      31.55530661788306,
      24.947243411580768,
      33.66275654409099,
      55.353482918071606,
      29.6393601253254,
      42.63000017507534,
      33.808605105800844,
      20.91673964072993,
      70.60730880822418,
      61.430851171973416,
      0.0,
      79.06539249739474
    ],
    [
      57.96438157478345,
      35.17084837949142,
      2.6919618501035085,
      56.71204914029136,
      87.14186367963237,
      101.9475292936943,
      73.34303413767061,
      24.8050404611225,
      53.5738595727772,
      56.74367240665535,
      70.89054677438241,
      90.73005255980883,
      32.4719009234997,
      83.76757762214284,
      79.06539249739474,
      0.0
    ]
  ],
  "u": [
    [
      1,
      1,
      1,
      0,
      0,
      0,
      1,
      0,
      0,
      1,
      0,
      0,
      0,
      1,
      0,
      0
    ],
    [
      1,
      0,
      1,
      1,
      0,
      1,
      0,
      0,
      1,
      0,
      0,
      1,
      1,
      0,
      0,
      1
    ],
    [
      1,
      0,
      0,
      0,
      1,
      0,
      0,
      1,
      0,
      0,
      1,
      1,
      0,
      0,
      1,
      0
    ]
  ],
  "name": "R-n15-k3-tight-s1",
  "metadata": {
    "kind": "R",
    "n_customers": 15,
    "m_vehicles": 3,
    "tight": true,
    "compat_prob": 0.3,
    "seed": 1,
    "solomon": null
  },
  "coords": [
    [
      50.0,
      50.0
    ],
    [
      51.18216247002567,
      95.04636963259352
    ],
    [
      14.415961271963374,
      94.86494471372438
    ],
    [
      31.183145201048546,
      42.332644897257566
    ],
    [
      82.77025938204417,
      40.91991363691613
    ],
    [
      54.959368767305946,
      2.7559113243068367
    ],
    [
      75.35131086748066,
      53.814331321927824
    ],
    [
      32.97317164990922,
      78.84287034284043
    ],
    [
      30.319482929164497,
      45.349788948065154
    ],
    [
      13.404169724716475,
      40.31129864471292
    ],
    [
      20.34552406761496,
      26.23133404418495
    ],
    [
      75.03646726300526,
      28.04087579860399
    ],
    [
      48.5190974431635,
      98.07371998012387
    ],
    [
      96.16571936637868,
      72.47899407735336
    ],
    [
      54.12268555474342,
      27.689120404537082
    ],
    [
      16.065200877512687,
      96.99254132161326
    ]
  ]
}