{
  "dist": [
    [
      0.0,
      44.320088688732916,
      63.443400451887385,
      16.36485212341915,
      44.39329693134568,
      37.422402878702606,
      40.28634158420253,
      29.718844693074697,
      45.2277917982289,
      42.04974729278946,
      36.02361796494334,
      42.127840237313926,
      33.745748107078796,
      43.409147044506255,
      34.96676653188163
    ],
    [
      44.320088688732916,
      0.0,
      43.17688887281645,
      36.1768932398778,
      36.51831978831829,
      7.851495547813007,
      5.325273372697583,
      58.29150690656094,
      30.266434732229776,
      17.4561695250286,
      16.95767205522213,
      23.20482923956472,
      15.017816279367409,
      36.39250985374501,
      11.878457309110367
    ],
    [
      63.443400451887385,
      43.17688887281645,
      0.0,
      47.274466394173494,
      19.792286071931372,
      47.477311847770025,
      40.3172169460852,
      89.40139873651876,
      72.81941092895937,
      27.742256239844874,
      32.703452870799616,
      65.65654655100889,
      36.709004073138395,
      78.00251619134714,
      38.61416387809762
    ],
    [
      16.36485212341915,
      36.1768932398778,
      47.274466394173494,
      0.0,
      28.041976926848704,
      31.286536896337772,
      31.15699097589534,
      44.877908082621104,
      48.086846161124704,
      28.521004089491704,
      23.14460459174978,
      42.874243741601134,
      22.30789081302425,
      48.846235274007675,
      24.72172270566563
    ],
    [
      44.39329693134568,
      36.51831978831829,
      19.792286071931372,
      28.041976926848704,
      0.0,
      37.59378095242857,
      31.881843111735904,
      71.79500037425308,
      62.320174391491484,
      19.205606213016107,
      20.638346429762926,
      55.424741125614325,
      24.292370673472693,
      66.0769200720995,
      27.297006121700434
    ],
    [
      37.422402878702606,
      7.851495547813007,
      47.477311847770025,
      31.286536896337772,
      37.59378095242857,
      0.0,
      7.345573503957983,
      50.460996764537015,
      25.43097096948448,
      20.00891292741614,
      16.956499862795535,
      18.296594285650908,
      13.538932167313352,
      30.60840453606192,
      10.334173261673108
    ],
    [
      40.28634158420253,
      5.325273372697583,
      40.3172169460852,
      31.15699097589534,
      31.881843111735904,
      7.345573503957983,
      0.0,
      56.544993039922666,
      32.50227803981696,
      13.287310144716093,
      11.80476041442727,
      25.339339411518726,
      9.692994888042998,
      37.91641174161061,
      6.596225329638055
    ],
    [
      29.718844693074697,
      58.29150690656094,
      89.40139873651876,
      44.877908082621104,
      71.79500037425308,
      50.460996764537015,
      56.544993039922666,
      0.0,
      41.1132123276094,
      63.9662484795109,
      57.95937251102947,
      42.952215026106394,
      54.41371002453197,
      34.8834239272389,
      53.93540727238306
    ],
    [
      45.2277917982289,
      30.266434732229776,
      72.81941092895937,
      48.086846161124704,
      62.320174391491484,
      25.43097096948448,
      32.50227803981696,
      41.1132123276094,
      0.0,
      45.43701706221174,
      41.88894099248821,
      7.163153606226136,
      38.05856052638983,
      7.568282175830845,
      35.24367869914174
    ],
    [
      42.04974729278946,
      17.4561695250286,
      27.742256239844874,
      28.521004089491704,
      19.205606213016107,
      20.00891292741614,
      13.287310144716093,
      63.9662484795109,
      45.43701706221174,
      0.0,
      6.148613419877583,
      38.305265681778835,
      9.582547298821083,
      50.32268664759326,
      10.926254922498563
    ],
    [
      36.02361796494334,
      16.95767205522213,
      32.703452870799616,
      23.14460459174978,
      20.638346429762926,
      16.956499862795535,
      11.80476041442727,
      57.95937251102947,
      41.88894099248821,
      6.148613419877583,
      0.0,
      34.89957221143676,
      4.03780123885176,
      46.14663426381502,
      6.676581971974179
    ],
    [
      42.127840237313926,
      23.20482923956472,
      65.65654655100889,
      42.874243741601134,
      55.424741125614325,
      18.296594285650908,
      25.339339411518726,
      42.952215026106394,
      7.163153606226136,
      38.305265681778835,
      34.89957221143676,
      0.0,
      31.133230740272133,
      13.436788719493633,
      28.232432768396578
    ],
    [
      33.745748107078796,
      15.017816279367409,
      36.709004073138395,
      22.30789081302425,
      24.292370673472693,
      13.538932167313352,
      9.692994888042998,
      54.41371002453197,
      38.05856052638983,
      9.582547298821083,
      4.03780123885176,
      31.133230740272133,
      0.0,
      42.1680697530531,
      3.334409118183835
    ],
    [
      43.409147044506255,
      36.39250985374501,
      78.00251619134714,
      48.846235274007675,
      66.0769200720995,
      30.60840453606192,
      37.91641174161061,
      34.8834239272389,
      7.568282175830845,
      50.32268664759326,
      46.14663426381502,
      13.436788719493633,
      42.1680697530531,
      0.0,
      39.677370785947275
    ],
    [
      34.96676653188163,
      11.878457309110367,
      38.61416387809762,
      24.72172270566563,
      27.297006121700434,
      10.334173261673108,
      6.596225329638055,
      53.93540727238306,
      35.24367869914174,
      10.926254922498563,
      6.676581971974179,
      28.232432768396578,
      3.334409118183835,
      39.677370785947275,
      0.0
    ]
  ],
  "u": [
    [
      1,
      1,
      0,
      1,
      1,
      1,
      0,
      1,
      0,
      1,
      0,
      1,
      1,
      0,
      0
    ],
    [
      1,
      0,
      0,
      1,
      1,
      0,
      0,
      1,
      1,
      1,
      1,
      1,
      0,
      1,
      1
    ],
    [
      1,
      1,
      1,
      1,
      1,
      0,
      1,
      1,
      1,
      1,
      1,
      0,
      1,
      1,
      1
    ],
    [
      1,
      1,
      0,
      0,
      1,
      0,
      1,
      0,
      1,
      0,
      1,
      1,
      1,
      0,
      1
    ]
  ],
  "name": "RC-n14-k4-relaxed-s4",
  "metadata": {
    "kind": "RC",
    "n_customers": 14,
    "m_vehicles": 4,
    "tight": false,
    "compat_prob": 0.7,
    "seed": 4,
    "solomon": null
  },
  "coords": [
    [
      50.0,
      50.0
    ],
    [
      94.30561055723676,
      51.13275528143616
    ],
    [
      97.62437057077041,
      8.083602389560218
    ],
    [
      60.73558319950296,
      37.648658437727256
    ],
    [
      80.19012069858073,
      17.452781614402845
    ],
    [
      87.16352741876564,
      54.394140076349814
    ],
    [
      90.22150797159884,
      47.71535238392063
    ],
    [
      43.049627772941314,
      78.89467175443295
    ],
    [
      84.15596267500791,
      79.64664171010618
    ],
    [
      89.07970906579699,
      34.477191403611286
    ],
    [
      83.87992661884802,
      37.75861022654445
    ],
    [
      85.54085231823964,
      72.61863699593161
    ],
    [
      82.68777976983031,
      41.61641073134637
    ],
    [
      77.6303608081492,
      83.48010168358302
    ],
    [
      84.51620699709288,
      44.40480418314481
    ]
  ]
}