{
  "name": "c-n41-k10",
  "n": 42,
  "m": 10,
  "prob_compat": 0.7,
  "layout": "C",
  "coords": [
    [
      50.0,
      50.0
    ],
    [
      58.38729240174517,
      85.26469575212205
    ],
    [
      60.455739574331254,
      76.7997416746789
    ],
    [
      67.26294276001536,
      83.57986270720342
    ],
    [
      77.56932169953876,
      22.713644678876765
    ],
    [
      68.70608434092703,
      84.01294178998741
    ],
    [
      34.98140692750579,
      84.00133175796442
    ],
    [
      14.72273217496069,
      46.49564893862712
    ],
    [
      67.94601574554565,
      85.60528721712123
    ],
    [
      56.55695923233887,
      81.32789354928158
    ],
    [
      18.43042992637953,
      42.317199339493115
    ],
    [
      67.8268327951318,
      82.28950789579939
    ],
    [
      40.204726987301655,
      83.69447139062444
    ],
    [
      55.75004656469325,
      76.76287936450446
    ],
    [
      56.06526585931351,
      23.43250211283069
    ],
    [
      56.80189438172373,
      82.77660963122995
    ],
    [
      10.977817831121323,
      38.15833558281166
    ],
    [
      56.794943876169874,
      10.616343773330845
    ],
    [
      22.501257949563737,
      45.64489613990765
    ],
    [
      64.11810958476781,
      79.47007317015971
    ],
    [
      78.09555401939994,
      19.635579427263103
    ],
    [
      34.83508285607215,
      50.67352893834824
    ],
    [
      40.801666436391066,
      85.30406054958686
    ],
    [
      38.41784825860012,
      50.93616431686423
    ],
    [
      48.58996231165157,
      16.657645829328818
    ],
    [
      28.779007753188175,
      53.03928500401344
    ],
    [
      56.71863703408878,
      23.226703486363895
    ],
    [
      59.36867891191894,
      17.49856095126036
    ],
    [
      58.63865838644834,
      79.74957960019469
    ],
    [
      37.31167092013315,
      80.49103529820482
    ],
    [
      50.242841139050526,
      12.47517329670662
    ],
    [
      10.698841598571908,
      46.70228354880719
    ],
    [
      75.0798602745515,
      10.39877163675787
    ],
    [
      42.994413531542556,
      84.16933360741363
    ],
    [
      80.97364292381712,
      11.780652810621746
    ],
    [
      84.4347605493814,
      16.16775088205988
    ],
    [
      32.640966591606905,
      49.70395273084572
    ],
    [
      51.01007427861698,
      16.7091381172305
    ],
    [
      61.191589056063144,
      90.56125888741073
    ],
    [
      13.058237537682112,
      45.14012048623948
    ],
    [
      27.844645812836653,
      53.26127583496952
    ],
    [
      16.701150330114693,
      47.2695375060563
    ]
  ],
  "c": [
    [
      0.0,
      36.24838534779318,
      28.767145215953523,
      37.75733534255559,
      38.78933726790456,
      38.81749348655767,
      37.17053536327303,
      35.450897048747564,
      39.8722454716695,
      32.006727864773566,
      32.49097075530859,
      36.88371304056138,
      35.08938266323455,
      27.373614072225813,
      27.251043905305718,
      33.47494445250299,
      40.779354058033555,
      39.9655306490575,
      27.841475248065123,
      32.677304523202025,
      41.36856526851116,
      15.179866706034984,
      36.482681256129055,
      11.61992437965851,
      33.37215587769297,
      21.437531697349595,
      27.603432572832467,
      33.82477915365558,
      30.97844258683891,
      33.02570102806853,
      37.52561246576816,
      39.43926958611949,
      46.87490457876879,
      34.880103224356446,
      49.19435999740582,
      48.273945503465875,
      17.361557673759613,
      33.30618163263329,
      42.076922274940074,
      37.2600623014856,
      22.3940983125111,
      33.41060931453442
    ],
    [
      36.24838534779318,
      0.0,
      8.714007186076955,
      9.034148087756343,
      65.42617395468844,
      10.394438660449365,
      23.43995655744575,
      58.39206119521258,
      9.564789308152402,
      4.341489501924251,
      58.660364020248444,
      9.897305977829914,
      18.250240809259424,
      8.901457605011146,
      61.875778601247355,
      2.9502642977983924,
      66.83313136060154,
      74.66533350207715,
      53.45592567728275,
      8.149841498619187,
      68.52442254825496,
      41.84800348907482,
      17.58567002364755,
      39.714314420466515,
      69.3030661370974,
      43.76217108090376,
      62.06042938219391,
      67.77324062881242,
      5.520841514435624,
      21.609480673201734,
      73.24374830426032,
      61.32901413641869,
      76.70429203007947,
      15.431802815639863,
      76.87683524270598,
      73.84347220491826,
      43.90261651595546,
      68.95134393082668,
      5.993134469667606,
      60.536804963069486,
      44.238808155832594,
      56.40360352814117
    ],
    [
      28.767145215953523,
      8.714007186076955,
      0.0,
      9.6077081776493,
      56.7290100512563,
      10.958943592846031,
      26.472712810152156,
      54.862063416773786,
      11.56035766838934,
      5.975336605964058,
      54.36149719152429,
      9.190786061718955,
      21.392540958380184,
      4.705837388910434,
      53.547535124354305,
      7.005250549522681,
      62.779160593176144,
      66.28456519365454,
      49.10363607412664,
      4.53250751671763,
      59.823945867063394,
      36.592308517212764,
      21.41508884963165,
      33.979306752605204,
      61.30145481731084,
      39.597659527643664,
      53.703224820516546,
      59.31114343928391,
      3.4645819127521436,
      23.4365859818643,
      65.13028014266322,
      58.15157677835336,
      67.99230638999899,
      18.952804342038668,
      68.17966173699459,
      65.20147049260571,
      38.8309589705076,
      60.82845739271293,
      13.781176671680818,
      56.99872641655813,
      40.218687328257715,
      52.78728102649962
    ],
    [
      37.75733534255559,
      9.034148087756343,
      9.6077081776493,
      0.0,
      61.73263273113215,
      1.5067233038953307,
      32.284287073843664,
      64.3095066001548,
      2.137506292139761,
      10.94026729029559,
      63.93138273058225,
      1.4081858936295135,
      27.058458491810807,
      13.379762355845395,
      61.18082178625924,
      10.49184200591197,
      72.32655400731508,
      73.71061046990299,
      58.67427132510521,
      5.174973018183919,
      64.855353139754,
      46.19949025754577,
      26.517390574392486,
      43.56203073084414,
      69.47850970389521,
      49.12982943237523,
      61.267333964991614,
      66.55116710819853,
      9.436596295062577,
      30.110123539917634,
      73.11334156876696,
      67.52372460688012,
      73.5973932261864,
      24.275687155164807,
      73.09657885807697,
      69.56481975048052,
      48.43819268441107,
      68.8175089716392,
      9.252093191462546,
      66.45121406155195,
      49.72945650361717,
      62.2489724408156
    ],
    [
      38.78933726790456,
      65.42617395468844,
      56.7290100512563,
      61.73263273113215,
      0.0,
      61.93674840344227,
      74.6318368535447,
      67.19581491046588,
      63.62363333418236,
      62.266761173958166,
      62.30335364560413,
      60.3672060649983,
      71.51764932139434,
      58.28722447940155,
      21.516067800364368,
      63.55191418256681,
      68.3591022803514,
      24.039955556269298,
      59.65177230175433,
      58.328614611035256,
      3.122724154909933,
      51.06829052683761,
      72.59077511928159,
      48.263324453596354,
      29.605377764825963,
      57.446837999258136,
      20.856995957183557,
      18.933053007071702,
      60.09548972944976,
      70.41949526271112,
      29.181549583020065,
      71.04305668934678,
      12.563976927311124,
      70.51401262519713,
      11.450751686653698,
      9.48593570503903,
      52.41215337538238,
      27.2295376863911,
      69.79633858829006,
      68.29807315639569,
      58.3583855267284,
      65.6347938093623
    ],
    [
      38.81749348655767,
      10.394438660449365,
      10.958943592846031,
      1.5067233038953307,
      61.93674840344227,
      0.0,
      33.724679411851625,
      65.7400150134564,
      1.7644455868626332,
      12.442295807408087,
      65.3159732784329,
      1.9347629488956468,
      28.503136571162234,
      14.84662655395483,
      61.885216032286145,
      11.968218572184197,
      73.72379307009588,
      74.35681453363807,
      60.058245968914434,
      6.456560048521934,
      65.05848849784688,
      47.52642623719024,
      27.934271535917617,
      44.84919679308961,
      70.29505145772791,
      50.53255247400902,
      61.95696619460261,
      67.16658394249994,
      10.932946652676275,
      31.591344057709595,
      73.88195767932707,
      68.97046780297102,
      73.88958699979776,
      25.7121464333632,
      73.26661289279879,
      69.64453449197238,
      49.77749942024639,
      69.59131239563158,
      9.967351513549035,
      67.88062381821881,
      51.140220155899954,
      63.675669763586725
    ],
    [
      37.17053536327303,
      23.43995655744575,
      26.472712810152156,
      32.284287073843664,
      74.6318368535447,
      33.724679411851625,
      0.0,
      42.627340363599295,
      33.00360749435356,
      21.7405549403467,
      44.849768507456766,
      32.890003669212234,
      5.232326034576776,
      21.993898822894963,
      64.1335499722072,
      21.854830519301576,
      51.747005592818006,
      76.55838853917675,
      40.33571955269625,
      29.486941959573457,
      77.47115432571448,
      33.32812403237088,
      5.964270538405478,
      33.243261376255575,
      68.70491113521709,
      31.577176800838643,
      64.54504329735758,
      70.83330826532637,
      24.036283885050516,
      4.213349203512144,
      73.13619294452145,
      44.506875606618095,
      83.81660227676272,
      8.014767586009915,
      85.6219144819569,
      83.94658348556038,
      34.37714166558564,
      69.17483286596803,
      27.018628595022975,
      44.618595872130975,
      31.557636118009658,
      41.029166336046494
    ],
    [
      35.450897048747564,
      58.39206119521258,
      54.862063416773786,
      64.3095066001548,
      67.19581491046588,
      65.7400150134564,
      42.627340363599295,
      0.0,
      66.04757164581868,
      54.4370077989665,
      5.586274578677588,
      64.04097002484582,
      45.0897377618388,
      50.98377941744914,
      47.340403810593884,
      55.56045356907434,
      9.139758062211094,
      55.29372058901281,
      7.8249117279808935,
      59.39036927699951,
      68.83006525263755,
      20.541697379040375,
      46.75685643814907,
      24.10760674645055,
      45.13641220436199,
      15.50477526722974,
      48.011455376788355,
      53.23618761506503,
      55.085683071531136,
      40.81600724434122,
      49.18405131466216,
      4.0291926279187384,
      70.32757256849278,
      47.10195838021237,
      74.79514777858499,
      76.02334049885977,
      18.203195813731423,
      46.94685744393297,
      64.04008619602818,
      2.1466252077998083,
      14.763411693114394,
      2.124392127513318
    ],
    [
      39.8722454716695,
      9.564789308152402,
      11.56035766838934,
      2.137506292139761,
      63.62363333418236,
      1.7644455868626332,
      33.00360749435356,
      66.04757164581868,
      0.0,
      12.165800625141468,
      65.76968747923665,
      3.3179205963034857,
      27.80701924139057,
      15.064190681623769,
      63.29776793445008,
      11.497515290553693,
      74.13898295097884,
      75.81350831251629,
      60.51494746076633,
      7.231439481718349,
      66.74590229408619,
      48.13067227099413,
      27.14602064617639,
      45.53966137127319,
      71.61308579774641,
      50.93720659024733,
      63.38092568735154,
      68.64471479881311,
      10.996190827048897,
      31.05831057176835,
      75.24238136290526,
      69.21475740209449,
      75.54410449203473,
      24.992887304492783,
      74.96529673888675,
      71.36841148217457,
      50.35228210972633,
      70.94720201787811,
      8.377585278605387,
      68.19162642989005,
      51.51946178648159,
      63.99739008237013
    ],
    [
      32.006727864773566,
      4.341489501924251,
      5.975336605964058,
      10.94026729029559,
      62.266761173958166,
      12.442295807408087,
      21.7405549403467,
      54.4370077989665,
      12.165800625141468,
      0.0,
      54.54783680080998,
      11.310824562018812,
      16.522596347873716,
      4.635780685108318,
      57.89747932296318,
      1.4692758466332985,
      62.77793295332836,
      70.71195025176056,
      49.32612993109229,
      7.786044644947576,
      65.34410981206351,
      37.57033381547011,
      16.249281679519296,
      35.39328400493773,
      65.15914348803472,
      39.646689165748356,
      58.1014150123632,
      63.89123153818021,
      2.612383258655274,
      19.263474607461582,
      69.14163126131274,
      57.462159903865086,
      73.30783176647127,
      13.856999223863225,
      73.7088402896885,
      70.87323894591798,
      39.64906476676946,
      64.8563912523435,
      10.331254961054793,
      56.58351092263044,
      40.15136326229862,
      52.42572955732435
    ],
    [
      32.49097075530859,
      58.660364020248444,
      54.36149719152429,
      63.93138273058225,
      62.30335364560413,
      65.3159732784329,
      44.849768507456766,
      5.586274578677588,
      65.76968747923665,
      54.54783680080998,
      0.0,
      63.54360760684456,
      46.7568033005959,
      50.78640229841219,
      42.10715693372767,
      55.76139493953539,
      8.53449323563078,
      49.767260063523075,
      5.257870936969732,
      58.88718117251781,
      63.830893107322204,
      18.410347147959346,
      48.45969933545539,
      21.766567227478415,
      39.59810702595842,
      14.901549719234836,
      42.78356969025821,
      47.87384506646483,
      54.93527762630174,
      42.58806186323619,
      43.61852846557782,
      8.888555652830593,
      65.02264210094145,
      48.52824366628948,
      69.59981441033283,
      70.99553025098481,
      16.015725958520605,
      41.43918466477626,
      64.46709247187394,
      6.068717727982272,
      14.436075335618774,
      5.245575396279832
    ],
    [
      36.88371304056138,
      9.897305977829914,
      9.190786061718955,
      1.4081858936295135,
      60.3672060649983,
      1.9347629488956468,
      32.890003669212234,
      64.04097002484582,
      3.3179205963034857,
      11.310824562018812,
      63.54360760684456,
      0.0,
      27.657813573758055,
      13.281279628809624,
      60.02067632509771,
      11.035693685496192,
      71.96784609877457,
      72.51720505126096,
      58.28580707017131,
      4.658738029041293,
      63.48985263900206,
      45.694919733811076,
      27.19277743115016,
      42.98744613312955,
      68.39297116159241,
      48.78840210260425,
      60.09831010746381,
      65.34070073914252,
      9.532774240020537,
      30.568114235943145,
      71.99470868109141,
      67.30570492073744,
      72.25568744039658,
      24.903469460874813,
      71.72403545522438,
      68.17558224815087,
      47.95689299673817,
      67.70220282455074,
      10.604165405352422,
      66.17912066037074,
      49.40863823730222,
      61.96961944059557
    ],
    [
      35.08938266323455,
      18.250240809259424,
      21.392540958380184,
      27.058458491810807,
      71.51764932139434,
      28.503136571162234,
      5.232326034576776,
      45.0897377618388,
      27.80701924139057,
      16.522596347873716,
      46.7568033005959,
      27.657813573758055,
      0.0,
      17.020691195712487,
      62.31421695366441,
      16.62252795840109,
      54.108704319464046,
      74.93762761436432,
      41.966450799777014,
      24.283644857761008,
      74.42618096308576,
      33.45468156376001,
      1.716716041320907,
      32.80700562273025,
      67.55921959866251,
      32.71524892790289,
      62.682215822008864,
      68.91411765571227,
      18.851312900343206,
      4.316454124162236,
      71.92323794653484,
      47.31827589734381,
      81.1697882479214,
      2.8298136228473925,
      82.66620717921082,
      80.72269725142053,
      34.8219159450517,
      67.85123730510442,
      22.081692643890328,
      47.1526230775845,
      32.84738952136225,
      43.34967040446126
    ],
    [
      27.373614072225813,
      8.901457605011146,
      4.705837388910434,
      13.379762355845395,
      58.28722447940155,
      14.84662655395483,
      21.993898822894963,
      50.98377941744914,
      15.064190681623769,
      4.635780685108318,
      50.78640229841219,
      13.281279628809624,
      17.020691195712487,
      0.0,
      53.331308825206456,
      6.105025434109345,
      59.11736856765463,
      66.15478804369288,
      45.53911312640876,
      8.79507686204717,
      61.34207448014689,
      33.43785149485109,
      17.216441110073397,
      31.10344527980371,
      60.530206548703084,
      35.91999253831818,
      53.544937157051585,
      59.3746910480448,
      4.15505193164362,
      18.81150826159062,
      64.52316222148292,
      54.159491224476916,
      69.12189589817237,
      14.749974187391398,
      69.70595083052915,
      67.04164684871137,
      35.5839161387308,
      60.24051107906792,
      14.832587843783136,
      53.12804755561488,
      36.483376482737555,
      48.93540140959481
    ],
    [
      27.251043905305718,
      61.875778601247355,
      53.547535124354305,
      61.18082178625924,
      21.516067800364368,
      61.885216032286145,
      64.1335499722072,
      47.340403810593884,
      63.29776793445008,
      57.89747932296318,
      42.10715693372767,
      60.02067632509771,
      62.31421695366441,
      53.331308825206456,
      0.0,
      59.34867916588674,
      47.43129917133352,
      12.836913359192499,
      40.24839220863201,
      56.61322868439661,
      22.355093788589258,
      34.53685296693498,
      63.72650320499606,
      32.67847583054559,
      10.088549984600961,
      40.26290444813591,
      1.0,
      6.7914796256119745,
      56.37584204086423,
      60.06141467206123,
      12.408210362811893,
      50.98622537787751,
      23.05282913004192,
      62.12736820899271,
      27.498960710340974,
      29.284890974951157,
      35.19782541234448,
      8.41181225033453,
      67.32420943181033,
      48.17494349247501,
      41.06286811188633,
      46.01888577240872
    ],
    [
      33.47494445250299,
      2.9502642977983924,
      7.005250549522681,
      10.49184200591197,
      63.55191418256681,
      11.968218572184197,
      21.854830519301576,
      55.56045356907434,
      11.497515290553693,
      1.4692758466332985,
      55.76139493953539,
      11.035693685496192,
      16.62252795840109,
      6.105025434109345,
      59.34867916588674,
      0.0,
      63.95808291979385,
      72.16026619263684,
      50.54995357518014,
      8.028710249201938,
      66.63489803386402,
      38.8992107706207,
      16.19862038715975,
      36.76665758094214,
      66.62697053416575,
      40.86062470129665,
      59.54996434632258,
      65.32849318856917,
      3.5407079543279596,
      19.623777939390745,
      70.60674989076652,
      58.53929003863174,
      74.65008687157317,
      13.87754328049301,
      74.99799538958264,
      72.11321208007982,
      40.95791823481476,
      66.32085623964667,
      8.937011993707959,
      57.70626334506726,
      41.348242692827775,
      53.56138389170822
    ],
    [
      40.779354058033555,
      66.83313136060154,
      62.779160593176144,
      72.32655400731508,
      68.3591022803514,
      73.72379307009588,
      51.747005592818006,
      9.139758062211094,
      74.13898295097884,
      62.77793295332836,
      8.53449323563078,
      71.96784609877457,
      54.108704319464046,
      59.11736856765463,
      47.43129917133352,
      63.95808291979385,
      0.0,
      53.45811773586286,
      13.741843440324647,
      67.30936242565795,
      69.62674060041356,
      26.940659962168873,
      55.78692793363747,
      30.269261256557645,
      43.323816455845666,
      23.201832218983487,
      48.116277686685464,
      52.616553706676235,
      63.256519832771424,
      49.85508282720335,
      46.91872632954386,
      8.548501306308994,
      69.85460067808256,
      56.054208936208866,
      74.80105399549893,
      76.67795151798644,
      24.547775653771694,
      45.416402633801276,
      72.57747027486208,
      7.28515384828482,
      22.640421604400952,
      10.759671713401417
    ],
    [
      39.9655306490575,
      74.66533350207715,
      66.28456519365454,
      73.71061046990299,
      24.039955556269298,
      74.35681453363807,
      76.55838853917675,
      55.29372058901281,
      75.81350831251629,
      70.71195025176056,
      49.767260063523075,
      72.51720505126096,
      74.93762761436432,
      66.15478804369288,
      12.836913359192499,
      72.16026619263684,
      53.45811773586286,
      0.0,
      49.02097893076716,
      69.24207397130245,
      23.13142028183826,
      45.681654735424125,
      76.3808874033025,
      44.3103325647646,
      10.189163508644397,
      50.83894785997189,
      12.610590581976538,
      7.347722457906962,
      69.15781647137352,
      72.54012986461858,
      6.8106752583528944,
      58.54097449364913,
      18.286210797494885,
      74.83646805752971,
      24.206716075730206,
      28.19179998892566,
      45.948403592277074,
      8.401598608464187,
      80.06572263731414,
      55.72064823619596,
      51.543282670951534,
      54.322821095027834
    ],
    [
      27.841475248065123,
      53.45592567728275,
      49.10363607412664,
      58.67427132510521,
      59.65177230175433,
      60.058245968914434,
      40.33571955269625,
      7.8249117279808935,
      60.51494746076633,
      49.32612993109229,
      5.257870936969732,
      58.28580707017131,
      41.966450799777014,
      45.53911312640876,
      40.24839220863201,
      50.54995357518014,
      13.741843440324647,
      49.02097893076716,
      0.0,
      53.629329113410314,
      61.37760431427131,
      13.319548965560346,
      43.677846472310286,
      16.773054760125962,
      38.99847658384329,
      9.699852023124807,
      40.907265775965705,
      46.38343360476014,
      49.68944701103167,
      37.86293367659487,
      43.24148414837294,
      11.849687753466695,
      63.29927894487223,
      43.636013886410026,
      67.57075388688791,
      68.59053022709386,
      10.921979296536076,
      40.620569922523465,
      59.282555305889424,
      9.456502152474197,
      9.30381822246775,
      6.023346907309275
    ],
    [
      32.677304523202025,
      8.149841498619187,
      4.53250751671763,
      5.174973018183919,
      58.328614611035256,
      6.456560048521934,
      29.486941959573457,
      59.39036927699951,
      7.231439481718349,
      7.786044644947576,
      58.88718117251781,
      4.658738029041293,
      24.283644857761008,
      8.79507686204717,
      56.61322868439661,
      8.028710249201938,
      67.30936242565795,
      69.24207397130245,
      53.629329113410314,
      0.0,
      61.445387087982134,
      41.0698991243974,
      24.035222691599927,
      38.40165864492685,
      64.70335683859646,
      44.129793579241365,
      56.72802506183671,
      62.15324141517793,
      5.486575368952434,
      26.82587403138474,
      68.41666232355041,
      62.66854257799707,
      69.93571815390968,
      21.640092042461003,
      69.75648093728665,
      66.48270687543035,
      43.32242441299476,
      64.11517416575654,
      11.470785632182432,
      61.52768632692899,
      44.751147826292396,
      57.31703518163364
    ],
    [
      41.36856526851116,
      68.52442254825496,
      59.823945867063394,
      64.855353139754,
      3.122724154909933,
      65.05848849784688,
      77.47115432571448,
      68.83006525263755,
      66.74590229408619,
      65.34410981206351,
      63.830893107322204,
      63.48985263900206,
      74.42618096308576,
      61.34207448014689,
      22.355093788589258,
      66.63489803386402,
      69.62674060041356,
      23.13142028183826,
      61.37760431427131,
      61.445387087982134,
      0.0,
      53.24305283439132,
      75.51942441496158,
      50.537579570768266,
      29.655489045673406,
      59.56449682391036,
      21.67645616342158,
      18.848413706674858,
      63.18436360732606,
      73.25784347027145,
      28.75839061473526,
      72.62866732316522,
      9.716636605402929,
      73.4622045145148,
      8.3656002710236,
      7.225743854350623,
      54.499785241361096,
      27.243114203949396,
      72.91224889115219,
      69.85938841538864,
      60.463552942972925,
      67.32687757102228
    ],
    [
      15.179866706034984,
      41.84800348907482,
      36.592308517212764,
      46.19949025754577,
      51.06829052683761,
      47.52642623719024,
      33.32812403237088,
      20.541697379040375,
      48.13067227099413,
      37.57033381547011,
      18.410347147959346,
      45.694919733811076,
      33.45468156376001,
      33.43785149485109,
      34.53685296693498,
      38.8992107706207,
      26.940659962168873,
      45.681654735424125,
      13.319548965560346,
      41.0698991243974,
      53.24305283439132,
      0.0,
      35.1407717515983,
      3.5923787761871147,
      36.691647721572735,
      6.501757255850362,
      35.10296527152492,
      41.26106925875488,
      37.57694679082623,
      29.920180045566855,
      41.18875318617963,
      24.460763111240166,
      56.935912965060574,
      34.47526080394252,
      60.34420053834162,
      60.4216579261939,
      2.3987964073980694,
      37.61927951687839,
      47.808957524291415,
      22.46885847387345,
      7.454035420925504,
      18.450654907810037
    ],
    [
      36.482681256129055,
      17.58567002364755,
      21.41508884963165,
      26.517390574392486,
      72.59077511928159,
      27.934271535917617,
      5.964270538405478,
      46.75685643814907,
      27.14602064617639,
      16.249281679519296,
      48.45969933545539,
      27.19277743115016,
      1.716716041320907,
      17.216441110073397,
      63.72650320499606,
      16.19862038715975,
      55.78692793363747,
      76.3808874033025,
      43.677846472310286,
      24.035222691599927,
      75.51942441496158,
      35.1407717515983,
      0.0,
      34.450469961496275,
      69.08681355067884,
      34.43196280810937,
      64.0854758347229,
      70.30163389313981,
      18.68182379864366,
      5.945189717237081,
      73.43829109026761,
      48.95178496065638,
      82.37594843108565,
      2.4689562686668034,
      83.7823321497822,
      81.75375353044811,
      36.5234814696334,
      69.35037832754921,
      21.056758506461364,
      48.81434142206448,
      34.563339475613894,
      45.02732303543865
    ],
    [
      11.61992437965851,
      39.714314420466515,
      33.979306752605204,
      43.56203073084414,
      48.263324453596354,
      44.84919679308961,
      33.243261376255575,
      24.10760674645055,
      45.53966137127319,
      35.39328400493773,
      21.766567227478415,
      42.98744613312955,
      32.80700562273025,
      31.10344527980371,
      32.67847583054559,
      36.76665758094214,
      30.269261256557645,
      44.3103325647646,
      16.773054760125962,
      38.40165864492685,
      50.537579570768266,
      3.5923787761871147,
      34.450469961496275,
      0.0,
      35.75596081786355,
      9.865615181704834,
      33.207425213679,
      39.45897393368823,
      35.200767925091505,
      29.575564694994853,
      40.237771892530866,
      28.040489948943677,
      54.656960493233655,
      33.546810441408866,
      57.82862388907071,
      57.67494074163354,
      5.906835632312831,
      36.46989825334865,
      45.703297360636746,
      26.013534554208942,
      10.82583731314693,
      22.024057779773884
    ],
    [
      33.37215587769297,
      69.3030661370974,
      61.30145481731084,
      69.47850970389521,
      29.605377764825963,
      70.29505145772791,
      68.70491113521709,
      45.13641220436199,
      71.61308579774641,
      65.15914348803472,
      39.59810702595842,
      68.39297116159241,
      67.55921959866251,
      60.530206548703084,
      10.088549984600961,
      66.62697053416575,
      43.323816455845666,
      10.189163508644397,
      38.99847658384329,
      64.70335683859646,
      29.655489045673406,
      36.691647721572735,
      69.08681355067884,
      35.75596081786355,
      0.0,
      41.42580825469128,
      10.451213864649448,
      10.811469363188918,
      63.887153636321614,
      64.8220754665971,
      4.497230803972918,
      48.3571844154297,
      27.219261566825814,
      67.74317790594257,
      32.74885999382673,
      35.84814580648376,
      36.693716959545625,
      2.420659701065509,
      74.97029424808312,
      45.5384983063196,
      42.07367212670938,
      44.20389396446321
    ],
    [
      21.437531697349595,
      43.76217108090376,
      39.597659527643664,
      49.12982943237523,
      57.446837999258136,
      50.53255247400902,
      31.577176800838643,
      15.50477526722974,
      50.93720659024733,
      39.646689165748356,
      14.901549719234836,
      48.78840210260425,
      32.71524892790289,
      35.91999253831818,
      40.26290444813591,
      40.86062470129665,
      23.201832218983487,
      50.83894785997189,
      9.699852023124807,
      44.129793579241365,
      59.56449682391036,
      6.501757255850362,
      34.43196280810937,
      9.865615181704834,
      41.42580825469128,
      0.0,
      40.85844956799827,
      46.89212138294904,
      40.062932660442414,
      28.747259607398682,
      45.89273692229442,
      19.15854889133876,
      62.94427952108228,
      34.22218122056701,
      66.5323580753353,
      66.7613125081986,
      5.10285875192276,
      42.592251545008345,
      49.58300062341758,
      17.59373230010056,
      1.0,
      13.385239113376866
    ],
    [
      27.603432572832467,
      62.06042938219391,
      53.703224820516546,
      61.267333964991614,
      20.856995957183557,
      61.95696619460261,
      64.54504329735758,
      48.011455376788355,
      63.38092568735154,
      58.1014150123632,
      42.78356969025821,
      60.09831010746381,
      62.682215822008864,
      53.544937157051585,
      1.0,
      59.54996434632258,
      48.116277686685464,
      12.610590581976538,
      40.907265775965705,
      56.72802506183671,
      21.67645616342158,
      35.10296527152492,
      64.0854758347229,
      33.207425213679,
      10.451213864649448,
      40.85844956799827,
      0.0,
      6.311445068818708,
      56.55547724290708,
      60.46349337910305,
      12.551148708118555,
      51.6616340352781,
      22.398445357306503,
      62.46886005698296,
      26.820092967445397,
      28.600914576019534,
      35.78797202261087,
      8.664083741174638,
      67.48295822537368,
      48.85108318959022,
      41.66272800967995,
      46.68465604244312
    ],
    [
      33.82477915365558,
      67.77324062881242,
      59.31114343928391,
      66.55116710819853,
      18.933053007071702,
      67.16658394249994,
      70.83330826532637,
      53.23618761506503,
      68.64471479881311,
      63.89123153818021,
      47.87384506646483,
      65.34070073914252,
      68.91411765571227,
      59.3746910480448,
      6.7914796256119745,
      65.32849318856917,
      52.616553706676235,
      7.347722457906962,
      46.38343360476014,
      62.15324141517793,
      18.848413706674858,
      41.26106925875488,
      70.30163389313981,
      39.45897393368823,
      10.811469363188918,
      46.89212138294904,
      6.311445068818708,
      0.0,
      62.255298993720835,
      66.74251587931158,
      10.41706957760362,
      56.759232532356656,
      17.240888263655577,
      68.65208294957603,
      22.348801835002185,
      25.101384505564983,
      41.85161723940838,
      8.395800130228489,
      73.08543515025943,
      53.93248366061424,
      47.67322559556368,
      52.02719519929257
    ],
    [
      30.97844258683891,
      5.520841514435624,
      3.4645819127521436,
      9.436596295062577,
      60.09548972944976,
      10.932946652676275,
      24.036283885050516,
      55.085683071531136,
      10.996190827048897,
      2.612383258655274,
      54.93527762630174,
      9.532774240020537,
      18.851312900343206,
      4.15505193164362,
      56.37584204086423,
      3.5407079543279596,
      63.256519832771424,
      69.15781647137352,
      49.68944701103167,
      5.486575368952434,
      63.18436360732606,
      37.57694679082623,
      18.68182379864366,
      35.200767925091505,
      63.887153636321614,
      40.062932660442414,
      56.55547724290708,
      62.255298993720835,
      0.0,
      21.33987232718314,
      67.79627932813496,
      58.22671045115988,
      71.27305019926438,
      16.25658705154849,
      71.5445773152014,
      68.61550721187385,
      39.73184708306059,
      63.50033510035431,
      11.10899923546114,
      57.23101803140654,
      40.61897889832531,
      53.04439382641724
    ],
    [
      33.02570102806853,
      21.609480673201734,
      23.4365859818643,
      30.110123539917634,
      70.41949526271112,
      31.591344057709595,
      4.213349203512144,
      40.81600724434122,
      31.05831057176835,
      19.263474607461582,
      42.58806186323619,
      30.568114235943145,
      4.316454124162236,
      18.81150826159062,
      60.06141467206123,
      19.623777939390745,
      49.85508282720335,
      72.54012986461858,
      37.86293367659487,
      26.82587403138474,
      73.25784347027145,
      29.920180045566855,
      5.945189717237081,
      29.575564694994853,
      64.8220754665971,
      28.747259607398682,
      60.46349337910305,
      66.74251587931158,
      21.33987232718314,
      0.0,
      69.2341869818478,
      43.010724584468136,
      79.62010771342247,
      6.769301443949484,
      81.40936347153469,
      79.73750995790148,
      31.139363062431133,
      65.23631398673673,
      25.916402013306502,
      42.87092498278782,
      28.828533865041333,
      39.0955428987155
    ],
    [
      37.52561246576816,
      73.24374830426032,
      65.13028014266322,
      73.11334156876696,
      29.181549583020065,
      73.88195767932707,
      73.13619294452145,
      49.18405131466216,
      75.24238136290526,
      69.14163126131274,
      43.61852846557782,
      71.99470868109141,
      71.92323794653484,
      64.52316222148292,
      12.408210362811893,
      70.60674989076652,
      46.91872632954386,
      6.8106752583528944,
      43.24148414837294,
      68.41666232355041,
      28.75839061473526,
      41.18875318617963,
      73.43829109026761,
      40.237771892530866,
      4.497230803972918,
      45.89273692229442,
      12.551148708118555,
      10.41706957760362,
      67.79627932813496,
      69.2341869818478,
      0.0,
      52.29935922998312,
      24.923662720207876,
      72.05964422225966,
      30.738648913708058,
      34.390732504359576,
      41.1801894815908,
      4.3029181716461675,
      78.84993242754909,
      49.49437866956077,
      46.53155181307544,
      48.32900581488434
    ],
    [
      39.43926958611949,
      61.32901413641869,
      58.15157677835336,
      67.52372460688012,
      71.04305668934678,
      68.97046780297102,
      44.506875606618095,
      4.0291926279187384,
      69.21475740209449,
      57.462159903865086,
      8.888555652830593,
      67.30570492073744,
      47.31827589734381,
      54.159491224476916,
      50.98622537787751,
      58.53929003863174,
      8.548501306308994,
      58.54097449364913,
      11.849687753466695,
      62.66854257799707,
      72.62866732316522,
      24.460763111240166,
      48.95178496065638,
      28.040489948943677,
      48.3571844154297,
      19.15854889133876,
      51.6616340352781,
      56.759232532356656,
      58.22671045115988,
      43.010724584468136,
      52.29935922998312,
      0.0,
      73.91116656436388,
      49.46497555414136,
      78.47335850285029,
      79.80816642861183,
      22.14648656307295,
      50.24524109867962,
      66.88144184718375,
      2.8296824259164906,
      18.357532022683102,
      6.029053587485314
    ],
    [
      46.87490457876879,
      76.70429203007947,
      67.99230638999899,
      73.5973932261864,
      12.563976927311124,
      73.88958699979776,
      83.81660227676272,
      70.32757256849278,
      75.54410449203473,
      73.30783176647127,
      65.02264210094145,
      72.25568744039658,
      81.1697882479214,
      69.12189589817237,
      23.05282913004192,
      74.65008687157317,
      69.85460067808256,
      18.286210797494885,
      63.29927894487223,
      69.93571815390968,
      9.716636605402929,
      56.935912965060574,
      82.37594843108565,
      54.656960493233655,
      27.219261566825814,
      62.94427952108228,
      22.398445357306503,
      17.240888263655577,
      71.27305019926438,
      79.62010771342247,
      24.923662720207876,
      73.91116656436388,
      0.0,
      80.44607949530435,
      6.053616232919282,
      10.990690637295623,
      57.844247405176915,
      24.883233773124388,
      81.35667421698956,
      71.08897950312645,
      63.78369502769424,
      69.0472819925977
    ],
    [
      34.880103224356446,
      15.431802815639863,
      18.952804342038668,
      24.275687155164807,
      70.51401262519713,
      25.7121464333632,
      8.014767586009915,
      47.10195838021237,
      24.992887304492783,
      13.856999223863225,
      48.52824366628948,
      24.903469460874813,
      2.8298136228473925,
      14.749974187391398,
      62.12736820899271,
      13.87754328049301,
      56.054208936208866,
      74.83646805752971,
      43.636013886410026,
      21.640092042461003,
      73.4622045145148,
      34.47526080394252,
      2.4689562686668034,
      33.546810441408866,
      67.74317790594257,
      34.22218122056701,
      62.46886005698296,
      68.65208294957603,
      16.25658705154849,
      6.769301443949484,
      72.05964422225966,
      49.46497555414136,
      80.44607949530435,
      0.0,
      81.7468224014294,
      79.6336462439843,
      35.986891259248225,
      67.93473921923831,
      19.28714353799642,
      49.18794679587082,
      34.421265188767926,
      45.309277660334715
    ],
    [
      49.19435999740582,
      76.87683524270598,
      68.17966173699459,
      73.09657885807697,
      11.450751686653698,
      73.26661289279879,
      85.6219144819569,
      74.79514777858499,
      74.96529673888675,
      73.7088402896885,
      69.59981441033283,
      71.72403545522438,
      82.66620717921082,
      69.70595083052915,
      27.498960710340974,
      74.99799538958264,
      74.80105399549893,
      24.206716075730206,
      67.57075388688791,
      69.75648093728665,
      8.3656002710236,
      60.34420053834162,
      83.7823321497822,
      57.82862388907071,
      32.74885999382673,
      66.5323580753353,
      26.820092967445397,
      22.348801835002185,
      71.5445773152014,
      81.40936347153469,
      30.738648913708058,
      78.47335850285029,
      6.053616232919282,
      81.7468224014294,
      0.0,
      5.58801974821205,
      61.43471557900674,
      30.366188654045462,
      81.22631069458296,
      75.66608469032636,
      67.40424630916529,
      73.41944048501992
    ],
    [
      48.273945503465875,
      73.84347220491826,
      65.20147049260571,
      69.56481975048052,
      9.48593570503903,
      69.64453449197238,
      83.94658348556038,
      76.02334049885977,
      71.36841148217457,
      70.87323894591798,
      70.99553025098481,
      68.17558224815087,
      80.72269725142053,
