{
  "name": "c-n41-k10",
  "n": 42,
  "m": 10,
  "prob_compat": 0.3,
  "layout": "C",
  "coords": [
    [
      50.0,
      50.0
    ],
    [
      47.08215604932205,
      33.98185531048297
    ],
    [
      14.59133063561651,
      47.296572509355435
    ],
    [
      77.7653447986328,
      31.973406426263825
    ],
    [
      47.87014989333856,
      35.41904175940823
    ],
    [
      73.65479141000303,
      62.46061215342505
    ],
    [
      54.202176503647465,
      36.34031856923772
    ],
    [
      56.805955985375135,
      43.67455126953722
    ],
    [
      65.44971594655993,
      58.46302609675934
    ],
    [
      66.43995826732493,
      54.15240811856616
    ],
    [
      44.40979862139008,
      56.90862328432195
    ],
    [
      55.89247192411682,
      47.01357099576497
    ],
    [
      80.59287870225874,
      26.65964608771265
    ],
    [
      19.65556357401239,
      39.48058732398756
    ],
    [
      66.11587595973471,
      61.21906610643627
    ],
    [
      85.02020780078695,
      23.660950606991996
    ],
    [
      62.28949949379888,
      61.08425616962923
    ],
    [
      42.41839038048992,
      25.884113987881506
    ],
    [
      76.00045460297505,
      59.81405764258018
    ],
    [
      29.688414943470946,
      33.8881763706122
    ],
    [
      49.274728718275924,
      26.504351706121184
    ],
    [
      45.147980900717705,
      56.56253463595806
    ],
    [
      48.8735922993684,
      24.435452193729077
    ],
    [
      87.56449104698719,
      30.003009730064306
    ],
    [
      18.76347567015756,
      36.505582754769165
    ],
    [
      88.30059735329607,
      16.222996447296882
    ],
    [
      65.28886915369914,
      34.08189403507719
    ],
    [
      90.66598137094287,
      23.61313207102029
    ],
    [
      83.78989088031794,
      16.512914086125924
    ],
    [
      54.78075258387009,
      45.19002423595255
    ],
    [
      17.15650586193129,
      37.20568060581112
    ],
    [
      15.514408742958699,
      33.84013239434108
    ],
    [
      55.608740053714406,
      53.34169949564259
    ],
    [
      73.04047618355098,
      63.996372506458115
    ],
    [
      16.420231460124512,
      43.65353127709006
    ],
    [
      49.21079687272021,
      47.124427421982205
    ],
    [
      79.95351836172223,
      19.718924574452487
    ],
    [
      49.547841726699936,
      54.35331008457307
    ],
    [
      25.965741081956175,
      43.918332165190684
    ],
    [
      62.47623544338149,
      39.51513799477832
    ],
    [
      78.16539559639226,
      20.35170412746958
    ],
    [
      60.48721583271376,
      44.8830278401135
    ]
  ],
  "c": [
    [
      0.0,
      16.281731253610918,
      35.511721816231365,
      33.103964228769215,
      14.735691524008189,
      26.736043310273814,
      14.29143744196918,
      9.29151970974484,
      17.615803516837317,
      16.956259051291923,
      8.887037028058767,
      6.6060565827005435,
      38.47981741175423,
      32.11608421117143,
      19.63641775503216,
      43.819635750855056,
      16.54969886862134,
      25.279572040921504,
      27.790994350207285,
      25.925881820549776,
      23.50683958301805,
      8.161430645906963,
      25.58935127835705,
      42.555500319877375,
      34.02675049130055,
      51.06683587827455,
      22.07114898480467,
      48.47668346703692,
      47.572488359418166,
      6.781700532971387,
      35.24754907731701,
      38.08408230980691,
      6.528776340886415,
      26.95852344072866,
      34.174237671709456,
      2.981905301574165,
      42.59291949577686,
      4.376728892284655,
      24.791778584694633,
      16.296894860900025,
      40.893898777768506,
      11.668980247089959
    ],
    [
      16.281731253610918,
      0.0,
      35.1131802910224,
      30.74885264113688,
      1.639036054265527,
      38.95053967958767,
      7.500469332842336,
      13.729553530652499,
      30.605473034172384,
      27.95667554082548,
      23.081988301462935,
      15.730457066331088,
      34.301359748908894,
      27.972379744366634,
      33.22872470576074,
      39.316877350514126,
      31.07737805813296,
      9.344737810208725,
      38.77590319469835,
      17.39399337130924,
      7.792331811588044,
      22.663364981957486,
      9.713035380639184,
      40.67739739727703,
      28.430913784652073,
      44.88136552793057,
      18.206987939017118,
      44.80022601820363,
      40.65245015891109,
      13.597479151063883,
      30.098797129999703,
      31.568065436186778,
      21.154342383010118,
      39.68256073766665,
      32.15112650462938,
      13.313839170614711,
      35.83235484103558,
      20.520130980878864,
      23.337449589835984,
      16.358328082506727,
      33.940371270985686,
      17.278055165934532
    ],
    [
      35.511721816231365,
      35.1131802910224,
      0.0,
      65.0058111577649,
      35.3349055171239,
      60.97901685805053,
      41.0981582407442,
      42.369725409567835,
      52.06980931553362,
      52.2999299157473,
      31.32941992950297,
      41.302110861181895,
      69.15263609816753,
      9.313220692769173,
      53.372414212005324,
      74.28909315275122,
      49.650936880782616,
      35.111801918708125,
      62.671907107562255,
      20.19175677379086,
      40.43828073114224,
      31.930658144725786,
      41.205634164122465,
      74.99432947913408,
      11.569453490672384,
      79.99139409550605,
      52.39148918451378,
      79.67595519037133,
      75.73687586544379,
      40.24459196169025,
      10.411830931719711,
      13.4880633806793,
      41.46048040788003,
      60.78804105436248,
      4.076349794346858,
      34.61989422966324,
      70.94182299577692,
      35.661677089931246,
      11.865484432788376,
      48.51303774814937,
      69.04844435433782,
      45.95930238695488
    ],
    [
      33.103964228769215,
      30.74885264113688,
      65.0058111577649,
      0.0,
      30.09310687307882,
      30.76306815340479,
      23.96440739434745,
      24.00443230048513,
      29.212577159667248,
      24.903262761145967,
      41.645618023275354,
      26.544851064988375,
      6.019218961934652,
      58.59269953675453,
      31.48045003421841,
      11.03313006029437,
      32.96882407184017,
      35.86762703383666,
      27.896535583317622,
      48.11504471823686,
      29.010787031209684,
      40.84749262515137,
      29.858903471000726,
      9.995285405481521,
      59.17568067142433,
      18.949062269571034,
      12.653385496188054,
      15.372722961979346,
      16.59282914062007,
      26.5135902058984,
      60.834267073294974,
      62.27891862940074,
      30.781797909176788,
      32.36965770599157,
      62.44716364291749,
      32.32515497976673,
      12.448310286885404,
      36.01510193474043,
      53.159008607320885,
      17.048008092688164,
      11.628585681955798,
      21.568311607816142
    ],
    [
      14.735691524008189,
      1.639036054265527,
      35.3349055171239,
      30.09310687307882,
      0.0,
      37.36434486937332,
      6.398696113583589,
      12.165610045793356,
      28.983898232633525,
      26.377581356011476,
      21.76639945055655,
      14.099317677754534,
      33.87482831300336,
      28.505421125530862,
      31.59980658164236,
      38.96638949242408,
      29.438425121308896,
      10.983466183048375,
      37.23480687471346,
      18.246069018444796,
      9.024662897950119,
      21.31800870262276,
      11.02933073261995,
      40.062128283019646,
      29.12694724252765,
      44.75610838128151,
      17.469966934941244,
      44.39439937007686,
      40.59149487479043,
      11.967812168617863,
      30.765565297186967,
      32.39424239233696,
      19.521973209705703,
      38.081611811766074,
      32.510062858638534,
      11.781909345811378,
      35.71884953213665,
      19.008449881488705,
      23.49555410663881,
      15.169566225327145,
      33.8352859530288,
      15.77204442849198
    ],
    [
      26.736043310273814,
      38.95053967958767,
      60.97901685805053,
      30.76306815340479,
      37.36434486937332,
      0.0,
      32.56798986150518,
      25.234883370036336,
      9.127100177013727,
      11.003639014504794,
      29.76733417033961,
      23.539564015612893,
      36.46705672950932,
      58.68558722586654,
      7.640463516900519,
      40.43001887031041,
      11.448328093423335,
      48.09940714115485,
      3.5364369913427076,
      52.43497254847942,
      43.44237703218935,
      29.110574776433904,
      45.387450020037306,
      35.31254308406675,
      60.71836702956115,
      48.50171891712899,
      29.586150429536552,
      42.40881149761233,
      47.052217789992234,
      25.583247421418587,
      61.88592600378633,
      64.80305516185548,
      20.21916263384989,
      1.6540686380555882,
      60.24534126175437,
      28.856670477649583,
      43.203307955650935,
      25.433705390070845,
      51.166997843855,
      25.523614514092923,
      42.34980147845618,
      21.96261634858655
    ],
    [
      14.29143744196918,
      7.500469332842336,
      41.0981582407442,
      23.96440739434745,
      6.398696113583589,
      32.56798986150518,
      0.0,
      7.782713979815038,
      24.817762426700224,
      21.610965656552505,
      22.780382425268446,
      10.80626743926086,
      28.110222023853584,
      34.689043699157914,
      27.584204062282392,
      33.32442685108766,
      26.032042584459255,
      15.75404169232439,
      32.03406552685733,
      24.636101704439117,
      11.001181109766783,
      22.156635138604297,
      13.042992487953398,
      33.95887976673852,
      35.43908617637618,
      39.59051595770988,
      11.31438179014691,
      38.62111264011699,
      35.616833247389565,
      8.86859857407529,
      37.0557764019168,
      38.76847050393055,
      17.059465830590945,
      33.462499222387684,
      38.483222985894535,
      11.883218182288728,
      30.649671218812713,
      18.60458802412583,
      29.235638788707703,
      8.862253083893648,
      28.807493140750818,
      10.605640058695986
    ],
    [
      9.29151970974484,
      13.729553530652499,
      42.369725409567835,
      24.00443230048513,
      12.165610045793356,
      25.234883370036336,
      7.782713979815038,
      0.0,
      17.129319133636454,
      14.233744557120463,
      18.132991465425366,
      3.461720072783334,
      29.245934600991536,
      37.386374388202036,
      19.861636659428406,
      34.59173625280031,
      18.252864819448586,
      22.88015958658072,
      25.07812678703375,
      28.829397597273307,
      18.749270311034262,
      17.378391707164205,
      20.81022169261635,
      33.660043481878496,
      38.71207070281119,
      41.77918497352986,
      12.805424188177566,
      39.35685276251031,
      38.28690738226036,
      2.5294479890686206,
      40.17368769176508,
      42.4465271640157,
      9.740999990376473,
      26.010306888815222,
      40.38572999550104,
      8.341947459301922,
      33.31188518113522,
      12.911859371201736,
      30.841178388870787,
      7.032267623045171,
      31.62563610915897,
      3.8745438035024704
    ],
    [
      17.615803516837317,
      30.605473034172384,
      52.06980931553362,
      29.212577159667248,
      28.983898232633525,
      9.127100177013727,
      24.817762426700224,
      17.129319133636454,
      0.0,
      4.422895794358753,
      21.097257858624562,
      14.914118660323535,
      35.22457037701687,
      49.57254656845996,
      2.8354057378253694,
      39.92729154114803,
      4.1058269719045795,
      39.89771261022739,
      10.63688734704732,
      43.39117293293934,
      35.81880903438837,
      20.390495669898687,
      37.85027953520514,
      36.04213935569067,
      51.59199888803189,
      48.0248153130461,
      24.38166262378263,
      43.015987208922375,
      45.78399190006847,
      17.029367505324405,
      52.764655571695094,
      55.67604332025237,
      11.09381776841827,
      9.393485160748945,
      51.21729674455128,
      19.80571413997419,
      41.36986448211896,
      16.424352937180455,
      42.07769471669844,
      19.179782319619175,
      40.17662717556102,
      14.458311105742172
    ],
    [
      16.956259051291923,
      27.95667554082548,
      52.2999299157473,
      24.903262761145967,
      26.377581356011476,
      11.003639014504794,
      21.610965656552505,
      14.233744557120463,
      4.422895794358753,
      0.0,
      22.201906586266826,
      12.736265686065355,
      30.92179038999371,
      49.03103009572488,
      7.0740854150640216,
      35.706507164743066,
      8.079407492741423,
      37.09625556307164,
      11.111137003779035,
      41.9680238398224,
      32.54320403490235,
      21.42794927215271,
      34.52064140132525,
      32.08487693112755,
      50.837559326332254,
      43.77816591607861,
      20.103495758773814,
      38.98137474391122,
      41.44576785021002,
      14.705828845340127,
      52.11573902753628,
      54.827001919269854,
      10.861516305844727,
      11.85202394667283,
      51.109680930323236,
      18.60743171512109,
      36.99028379733838,
      16.893311185851097,
      41.74803668902116,
      15.164457632958129,
      35.77671688195575,
      11.016195043634058
    ],
    [
      8.887037028058767,
      23.081988301462935,
      31.32941992950297,
      41.645618023275354,
      21.76639945055655,
      29.76733417033961,
      22.780382425268446,
      18.132991465425366,
      21.097257858624562,
      22.201906586266826,
      0.0,
      15.15796312076362,
      47.161593543682805,
      30.273892881747646,
      22.129927942515202,
      52.484407895840015,
      18.36081733691819,
      31.088356081768694,
      31.723982949134836,
      27.32508213161367,
      30.791025884964803,
      1.0,
      32.778534053225684,
      50.855083512653295,
      32.772212982487,
      59.84749321773081,
      30.935338280217053,
      56.99319413487082,
      56.41458134159013,
      15.64871399663001,
      33.629569078795114,
      36.97429956290836,
      11.75326484509207,
      29.494946799482708,
      30.96955495313387,
      10.898627109957525,
      51.44346122793589,
      5.738389364693981,
      22.559497376442796,
      25.07846626013197,
      49.757900532271414,
      20.077307836827472
    ],
    [
      6.6060565827005435,
      15.730457066331088,
      41.302110861181895,
      26.544851064988375,
      14.099317677754534,
      23.539564015612893,
      10.80626743926086,
      3.461720072783334,
      14.914118660323535,
      12.736265686065355,
      15.15796312076362,
      0.0,
      32.00612994675102,
      37.01161128312483,
      17.50183080179883,
      37.33322751013086,
      15.456588982996077,
      25.06002447908427,
      23.836598452978926,
      29.30748345236972,
      21.550466375676194,
      14.374518912076109,
      23.643944675657558,
      35.951022098038074,
      38.58730593989981,
      44.70286428024703,
      15.985010163014769,
      41.9139296787978,
      41.334683455148436,
      2.1357065989271584,
      39.95835057496916,
      42.47266733850232,
      6.334486094802432,
      24.134406916955168,
      39.614992542701614,
      6.68259460387128,
      36.385871968898456,
      9.701860761408179,
      30.08637103934976,
      9.978599077419936,
      34.74101716722922,
      5.064670346990218
    ],
    [
      38.47981741175423,
      34.301359748908894,
      69.15263609816753,
      6.019218961934652,
      33.87482831300336,
      36.46705672950932,
      28.110222023853584,
      29.245934600991536,
      35.22457037701687,
      30.92179038999371,
      47.161593543682805,
      32.00612994675102,
      0.0,
      62.271445376056725,
      37.46914891530903,
      5.3472813216408435,
      38.98804265080094,
      38.18236515286518,
      33.47096300761625,
      51.41513474280249,
      31.31853500347992,
      46.373737435001665,
      31.797172333190545,
      7.731847071054168,
      62.608446300460855,
      12.974304702770752,
      17.008893933897074,
      10.523718213053519,
      10.638470622165716,
      31.774844910217396,
      64.30701550526162,
      65.47340403433441,
      36.553237313175316,
      38.09291172216727,
      66.38464271119594,
      37.46521500025484,
      6.9701073714601725,
      41.60208343803008,
      57.2886237372518,
      22.214329500168436,
      6.758905680882253,
      27.135388737173752
    ],
    [
      32.11608421117143,
      27.972379744366634,
      9.313220692769173,
      58.59269953675453,
      28.505421125530862,
      58.68558722586654,
      34.689043699157914,
      37.386374388202036,
      49.57254656845996,
      49.03103009572488,
      30.273892881747646,
      37.01161128312483,
      62.271445376056725,
      0.0,
      51.294464484521875,
      67.25174808694958,
      47.795093886345796,
      26.514342748805497,
      59.90155891346038,
      11.486216386307506,
      32.336939166432245,
      30.686418251856008,
      32.86410342126294,
      68.56709785005187,
      3.1058771732112027,
      72.47797041823483,
      45.95154477661002,
      72.76163530253797,
      68.12287393374942,
      35.5861851401627,
      3.3794215517920105,
      6.997420606775938,
      38.532600867522575,
      58.74497950838961,
      5.280230593723058,
      30.527694095439934,
      63.45365762670472,
      33.38781477531705,
      7.714396895246225,
      42.82068580829866,
      61.557409104291715,
      41.18750040614011
    ],
    [
      19.63641775503216,
      33.22872470576074,
      53.372414212005324,
      31.48045003421841,
      31.59980658164236,
      7.640463516900519,
      27.584204062282392,
      19.861636659428406,
      2.8354057378253694,
      7.0740854150640216,
      22.129927942515202,
      17.50183080179883,
      37.46914891530903,
      51.294464484521875,
      0.0,
      42.0474232531105,
      3.8287505244047297,
      42.54561862282734,
      9.983934281530022,
      45.54050339909727,
      38.58413710715763,
      21.478731539397376,
      40.62426120317318,
      37.87459920387208,
      53.41353828906556,
      50.16779991269364,
      27.149770685731042,
      44.91006513441604,
      48.072974027785065,
      19.631994428274293,
      54.531299302101004,
      57.53359449662223,
      13.132128908460665,
      7.460798824474403,
      52.708681410870184,
      22.010009963276346,
      43.74633806868832,
      17.93427902366758,
      43.718974434558454,
      22.00698703967211,
      42.6067154166346,
      17.2785404784165
    ],
    [
      43.819635750855056,
      39.316877350514126,
      74.28909315275122,
      11.03313006029437,
      38.96638949242408,
      40.43001887031041,
      33.32442685108766,
      34.59173625280031,
      39.92729154114803,
      35.706507164743066,
      52.484407895840015,
      37.33322751013086,
      5.3472813216408435,
      67.25174808694958,
      42.0474232531105,
      0.0,
      43.785715700121784,
      42.65978554716903,
      37.2612814604669,
      56.269027427395464,
      35.85839099358422,
      51.69437793015523,
      36.154912044081236,
      6.833380653632574,
      67.49028913585782,
      8.129213842551863,
      22.314161125559103,
      5.645976073085472,
      7.253144547603299,
      37.120421106678265,
      69.20218025168536,
      70.24721947897368,
      41.78494094321807,
      42.07683720800476,
      71.45390147353625,
      42.811781734269466,
      6.4195725023672034,
      46.90745873733835,
      62.4322957053474,
      27.56058684749845,
      7.611804163255246,
      32.43831464478569
    ],
    [
      16.54969886862134,
      31.07737805813296,
      49.650936880782616,
      32.96882407184017,
      29.438425121308896,
      11.448328093423335,
      26.032042584459255,
      18.252864819448586,
      4.1058269719045795,
      8.079407492741423,
      18.36081733691819,
      15.456588982996077,
      38.98804265080094,
      47.795093886345796,
      3.8287505244047297,
      43.785715700121784,
      0.0,
      40.421664822323756,
      13.769665729565183,
      42.45535855804462,
      36.94799116386099,
      17.72787706706624,
      39.02718794268332,
      40.06081724391937,
      49.9862574787365,
      51.856627693390344,
      27.168433506594006,
      47.00329631990966,
      49.48607243354615,
      17.57862022227207,
      51.06048849287649,
      54.13087284565579,
      10.22642315505147,
      11.138398508888912,
      49.06954167530451,
      19.129278107504273,
      44.97897531675527,
      14.410255995429285,
      40.175668906541844,
      21.569926498612606,
      43.71710046340658,
      16.30116639324062
    ],
    [
      25.279572040921504,
      9.344737810208725,
      35.111801918708125,
      35.86762703383666,
      10.983466183048375,
      48.09940714115485,
      15.75404169232439,
      22.88015958658072,
      39.89771261022739,
      37.09625556307164,
      31.088356081768694,
      25.06002447908427,
      38.18236515286518,
      26.514342748805497,
      42.54561862282734,
      42.65978554716903,
      40.421664822323756,
      0.0,
      47.7388323469913,
      15.037196854924488,
      6.884335133425838,
      30.799612949977913,
      6.615757916318382,
      45.33360461649257,
      25.930109693540984,
      46.88831526967474,
      24.2953163597022,
      48.3010082218658,
      42.41957615542539,
      22.92479377778865,
      27.682858958445934,
      28.05570275071613,
      30.461522063382596,
      48.89024839696408,
      31.490577289827495,
      22.299948446902985,
      38.03807819896986,
      29.3483253847618,
      24.41152789579816,
      24.251226031760975,
      36.17258548637811,
      26.219099541888635
    ],
    [
      27.790994350207285,
      38.77590319469835,
      62.671907107562255,
      27.896535583317622,
      37.23480687471346,
      3.5364369913427076,
      32.03406552685733,
      25.07812678703375,
      10.63688734704732,
      11.111137003779035,
      31.723982949134836,
      23.836598452978926,
      33.47096300761625,
      59.90155891346038,
      9.983934281530022,
      37.2612814604669,
      13.769665729565183,
      47.7388323469913,
      0.0,
      53.075006708917726,
      42.70598241040064,
      31.023338560043378,
      44.581525119092916,
      31.975389231731924,
      61.800944644491565,
      45.293201783592295,
      27.872608538858376,
      39.05873381997424,
      43.996185639387484,
      25.77087710687722,
      63.03767933288227,
      65.8270957629236,
      21.394238529117082,
      5.123790575742782,
      61.733018735208184,
      29.643084799658023,
      40.28953224885575,
      27.010377484854907,
      52.49901566299086,
      24.39161008922195,
      39.521694225533146,
      21.531284868889884
    ],
    [
      25.925881820549776,
      17.39399337130924,
      20.19175677379086,
      48.11504471823686,
      18.246069018444796,
      52.43497254847942,
      24.636101704439117,
      28.829397597273307,
      43.39117293293934,
      41.9680238398224,
      27.32508213161367,
      29.30748345236972,
      51.41513474280249,
      11.486216386307506,
      45.54050339909727,
      56.269027427395464,
      42.45535855804462,
      15.037196854924488,
      53.075006708917726,
      0.0,
      20.93190277927597,
      27.443117576757217,
      21.38749692089916,
      58.00633331770618,
      11.234104962363972,
      61.2163908489035,
      35.600981257657494,
      61.837206783419056,
      56.82314174700239,
      27.520123063516447,
      12.963586678791438,
      14.174087624810833,
      32.40837570438867,
      52.78167000311961,
      16.474430169120215,
      23.58647362549925,
      52.224020508866154,
      28.516986693701188,
      10.698706741598333,
      33.26715903491298,
      50.33143882319557,
      32.702490655172106
    ],
    [
      23.50683958301805,
      7.792331811588044,
      40.43828073114224,
      29.010787031209684,
      9.024662897950119,
      43.44237703218935,
      11.001181109766783,
      18.749270311034262,
      35.81880903438837,
      32.54320403490235,
      30.791025884964803,
      21.550466375676194,
      31.31853500347992,
      32.336939166432245,
      38.58413710715763,
      35.85839099358422,
      36.94799116386099,
      6.884335133425838,
      42.70598241040064,
      20.93190277927597,
      0.0,
      30.34014516434057,
      2.1074286747005826,
      38.44927186771809,
      32.10858428917028,
      40.35746137551275,
      17.71642858006593,
      41.492107046223886,
      35.93223128037436,
      19.480006588822988,
      33.854079217564866,
      34.54812416241239,
      27.57467925422148,
      44.389890473801856,
      37.06092753889485,
      20.620174824882486,
      31.420218893986306,
      27.850297547425157,
      29.09562888234178,
      18.535380753092614,
      29.53854608624764,
      21.52894804047827
    ],
    [
      8.161430645906963,
      22.663364981957486,
      31.930658144725786,
      40.84749262515137,
      21.31800870262276,
      29.110574776433904,
      22.156635138604297,
      17.378391707164205,
      20.390495669898687,
      21.42794927215271,
      1.0,
      14.374518912076109,
      46.373737435001665,
      30.686418251856008,
      21.478731539397376,
      51.69437793015523,
      17.72787706706624,
      30.799612949977913,
      31.023338560043378,
      27.443117576757217,
      30.34014516434057,
      0.0,
      32.3423809659019,
      50.04566610821932,
      33.14247177000808,
      59.07136910532708,
      30.1833494073315,
      56.19209460585845,
      55.65221750350173,
      14.90383450988288,
      34.03249142791957,
      37.34241773719197,
      10.945376241047873,
      28.866126144457922,
      31.494856018733724,
      10.275424147200042,
      50.68409060359734,
      4.923357432327583,
      22.974642120961104,
      24.308067338582354,
      49.003815354527504,
      19.27960080741163
    ],
    [
      25.58935127835705,
      9.713035380639184,
      41.205634164122465,
      29.858903471000726,
      11.02933073261995,
      45.387450020037306,
      13.042992487953398,
      20.81022169261635,
      37.85027953520514,
      34.52064140132525,
      32.778534053225684,
      23.643944675657558,
      31.797172333190545,
      32.86410342126294,
      40.62426120317318,
      36.154912044081236,
      39.02718794268332,
      6.615757916318382,
      44.581525119092916,
      21.38749692089916,
      2.1074286747005826,
      32.3423809659019,
      0.0,
      39.08942750692177,
      32.43928444317527,
      40.27323126978447,
      19.039830734616267,
      41.800478402693784,
      35.80383382628798,
      21.57885083322646,
      34.19140689963787,
      34.65953169369169,
      29.680521362541025,
      46.35843712488225,
      37.716776020976205,
      22.69148086468958,
      31.435766840094423,
      29.925454600840954,
      30.07245017256616,
      20.30834371291102,
      29.575103358402927,
      23.515518310020013
    ],
    [
      42.555500319877375,
      40.67739739727703,
      74.99432947913408,
      9.995285405481521,
      40.062128283019646,
      35.31254308406675,
      33.95887976673852,
      33.660043481878496,
      36.04213935569067,
      32.08487693112755,
      50.855083512653295,
      35.951022098038074,
      7.731847071054168,
      68.56709785005187,
      37.87459920387208,
      6.833380653632574,
      40.06081724391937,
      45.33360461649257,
      31.975389231731924,
      58.00633331770618,
      38.44927186771809,
      50.04566610821932,
      39.08942750692177,
      0.0,
      69.10762022255119,
      13.799660088836767,
      22.64598480760804,
      7.102800766397761,
      14.008222117771577,
      36.130581468060036,
      70.77543956460731,
      72.15218548566624,
      39.57100531346105,
      36.966142895909925,
      72.44199342003722,
      42.00177139829128,
      12.79411242344402,
      45.146458918684715,
      63.150947702532065,
      26.83097376831903,
      13.471848244545757,
      30.89650096669359
    ],
    [
      34.02675049130055,
      28.430913784652073,
      11.569453490672384,
      59.17568067142433,
      29.12694724252765,
      60.71836702956115,
      35.43908617637618,
      38.71207070281119,
      51.59199888803189,
      50.837559326332254,
      32.772212982487,
      38.58730593989981,
      62.608446300460855,
      3.1058771732112027,
      53.41353828906556,
      67.49028913585782,
      49.9862574787365,
      25.930109693540984,
      61.800944644491565,
      11.234104962363972,
      32.10858428917028,
      33.14247177000808,
      32.43928444317527,
      69.10762022255119,
      0.0,
      72.43476098735795,
      46.58848039814494,
      73.04919993185662,
      68.03044521079019,
      37.04947719090174,
      1.7528516667374736,
      4.202506576000048,
      40.509607927089604,
      60.841895975573244,
      7.522231152098617,
      32.24591804365973,
      63.4508724720023,
      35.583964989054095,
      10.335447783414864,
      43.81623888165495,
      61.55920634339209,
      42.55645755123968
    ],
    [
      51.06683587827455,
      44.88136552793057,
      79.99139409550605,
      18.949062269571034,
      44.75610838128151,
      48.50171891712899,
      39.59051595770988,
      41.77918497352986,
      48.0248153130461,
      43.77816591607861,
      59.84749321773081,
      44.70286428024703,
      12.974304702770752,
      72.47797041823483,
      50.16779991269364,
      8.129213842551863,
      51.856627693390344,
      46.88831526967474,
      45.293201783592295,
      61.2163908489035,
      40.35746137551275,
      59.07136910532708,
      40.27323126978447,
      13.799660088836767,
      72.43476098735795,
      0.0,
      29.12867758383394,
      7.759455270053734,
      4.520013840982237,
      44.302016796926566,
      74.17381470996114,
      74.88786771831765,
      49.462669253564144,
      50.151438246628004,
      76.93647536757008,
      49.828816340491876,
      9.049598950329845,
      54.366321254354965,
      68.21045320840089,
      34.776738287570296,
      10.943881476033223,
      39.93722062245573
    ],
    [
      22.07114898480467,
      18.206987939017118,
      52.39148918451378,
      12.653385496188054,
      17.469966934941244,
      29.586150429536552,
      11.31438179014691,
      12.805424188177566,
      24.38166262378263,
      20.103495758773814,
      30.935338280217053,
      15.985010163014769,
      17.008893933897074,
      45.95154477661002,
      27.149770685731042,
      22.314161125559103,
      27.168433506594006,
      24.2953163597022,
      27.872608538858376,
      35.600981257657494,
      17.71642858006593,
      30.1833494073315,
      19.039830734616267,
      22.64598480760804,
      46.58848039814494,
      29.12867758383394,
      0.0,
      27.45164478763824,
      25.51385626234248,
      15.290881936785564,
      48.233623527475295,
      49.77504754263223,
      21.555625849675437,
      30.90248264719133,
      49.797188570425845,
      20.702948713188537,
      20.52673447290655,
      25.665351217337747,
      40.53472482248091,
      6.118091885060573,
      18.823470671699866,
      11.820336970206393
    ],
    [
      48.47668346703692,
      44.80022601820363,
      79.67595519037133,
      15.372722961979346,
      44.39439937007686,
      42.40881149761233,
      38.62111264011699,
      39.35685276251031,
      43.015987208922375,
      38.98137474391122,
      56.99319413487082,
      41.9139296787978,
      10.523718213053519,
      72.76163530253797,
      44.91006513441604,
      5.645976073085472,
      47.00329631990966,
      48.3010082218658,
      39.05873381997424,
      61.837206783419056,
      41.492107046223886,
      56.19209460585845,
      41.800478402693784,
      7.102800766397761,
      73.04919993185662,
      7.759455270053734,
      27.45164478763824,
      0.0,
      9.884013145897773,
      41.87256763798552,
      74.75560423995393,
      75.84425096256396,
      45.965181277731354,
      44.0620533018737,
      76.90285417433105,
      47.658297607676296,
      11.398320742558766,
      51.33867890887315,
      67.81166746450727,
      32.3656541392214,
      12.919038545413144,
      36.921082804266376
    ],
    [
      47.572488359418166,
      40.65245015891109,
      75.73687586544379,
      16.59282914062007,
      40.59149487479043,
      47.052217789992234,
      35.616833247389565,
      38.28690738226036,
      45.78399190006847,
      41.44576785021002,
      56.41458134159013,
      41.334683455148436,
      10.638470622165716,
      68.12287393374942,
      48.072974027785065,
      7.253144547603299,
      49.48607243354615,
      42.41957615542539,
      43.996185639387484,
      56.82314174700239,
      35.93223128037436,
      55.65221750350173,
      35.80383382628798,
      14.008222117771577,
      68.03044521079019,
      4.520013840982237,
      25.51385626234248,
      9.884013145897773,
      0.0,
      40.79101311867268,
      69.77247727612055,
      70.43986055770843,
      46.37387946519036,
      48.68499501775147,
      72.63115111231072,
      46.18201480119277,
      4.999625721261173,
      51.033454709220756,
      63.98975886805412,
      31.358798013129118,
      6.8096443505091715,
      36.713458278789666
    ],
    [
      6.781700532971387,
      13.597479151063883,
      40.24459196169025,
      26.5135902058984,
      11.967812168617863,
      25.583247421418587,
      8.86859857407529,
      2.5294479890686206,
      17.029367505324405,
      14.705828845340127,
      15.64871399663001,
      2.1357065989271584,
      31.774844910217396,
      35.5861851401627,
      19.631994428274293,
      37.120421106678265,
      17.57862022227207,
      22.92479377778865,
      25.77087710687722,
      27.520123063516447,
      19.480006588822988,
      14.90383450988288,
      21.57885083322646,
      36.130581468060036,
      37.04947719090174,
      44.302016796926566,
      15.290881936785564,
      41.87256763798552,
      40.79101311867268,
      0.0,
      38.46210712633283,
      40.87377892303277,
      8.193617808371455,
      26.21252069542895,
      38.391280149246974,
      5.896297339033442,
      35.81124201801262,
      10.552211312450975,
      28.843059625814142,
      9.561631152230373,
      34.11427376677644,
      5.714715180782119
    ],
    [
      35.24754907731701,
      30.098797129999703,
      10.411830931719711,
      60.834267073294974,
      30.765565297186967,
      61.88592600378633,
      37.0557764019168,
      40.17368769176508,
      52.764655571695094,
      52.11573902753628,
      33.629569078795114,
      39.95835057496916,
      64.30701550526162,
      3.3794215517920105,
      54.531299302101004,
      69.20218025168536,
      51.06048849287649,
      27.682858958445934,
      63.03767933288227,
      12.963586678791438,
      33.854079217564866,
      34.03249142791957,
      34.19140689963787,
      70.77543956460731,
      1.7528516667374736,
      74.17381470996114,
      48.233623527475295,
      74.75560423995393,
      69.77247727612055,
      38.46210712633283,
      0.0,
      3.744782732264615,
      41.70066450253201,
      61.973859904181076,
      6.489751788309645,
      33.553824083219595,
      65.18628241738561,
      36.65023650462782,
      11.075302078018812,
      45.37853548504213,
      63.29408463485436,
      44.00559154389494
    ],
    [
      38.08408230980691,
      31.568065436186778,
      13.4880633806793,
      62.27891862940074,
      32.39424239233696,
      64.80305516185548,
      38.76847050393055,
      42.4465271640157,
      55.67604332025237,
      54.827001919269854,
      36.97429956290836,
      42.47266733850232,
      65.47340403433441,
      6.997420606775938,
      57.53359449662223,
      70.24721947897368,
      54.13087284565579,
      28.05570275071613,
      65.8270957629236,
      14.174087624810833,
      34.54812416241239,
      37.34241773719197,
      34.65953169369169,
      72.15218548566624,
      4.202506576000048,
      74.88786771831765,
      49.77504754263223,
      75.84425096256396,
      70.43986055770843,
      40.87377892303277,
      3.744782732264615,
      0.0,
      44.58549677488421,
      64.9511143313125,
      9.855116053445162,
      36.22042334613088,
      65.96822991979933,
      39.737451096035805,
      14.518968912471967,
      47.303476147166364,
      64.08653408337544,
      46.30873478468813
    ],
    [
      6.528776340886415,
      21.154342383010118,
      41.46048040788003,
      30.781797909176788,
      19.521973209705703,
      20.21916263384989,
      17.059465830590945,
      9.740999990376473,
      11.09381776841827,
      10.861516305844727,
      11.75326484509207,
      6.334486094802432,
      36.553237313175316,
      38.532600867522575,
      13.132128908460665,
      41.78494094321807,
      10.22642315505147,
      30.461522063382596,
      21.394238529117082,
      32.40837570438867,
      27.57467925422148,
      10.945376241047873,
      29.680521362541025,
      39.57100531346105,
      40.509607927089604,
      49.462669253564144,
      21.555625849675437,
      45.965181277731354,
      46.37387946519036,
      8.193617808371455,
      41.70066450253201,
      44.58549677488421,
      0.0,
      20.430063178258912,
      40.36830203539456,
      8.921219030219325,
      41.510953063824715,
      6.14474120806101,
      31.104778409181566,
      15.43814418459293,
      39.96426533370901,
      9.76466344030016
    ],
    [
      26.95852344072866,
      39.68256073766665,
      60.78804105436248,
      32.36965770599157,
      38.081611811766074,
      1.6540686380555882,
      33.462499222387684,
      26.010306888815222,
      9.393485160748945,
      11.85202394667283,
      29.494946799482708,
      24.134406916955168,
      38.09291172216727,
      58.74497950838961,
      7.460798824474403,
      42.07683720800476,
      11.138398508888912,
      48.89024839696408,
      5.123790575742782,
      52.78167000311961,
      44.389890473801856,
      28.866126144457922,
      46.35843712488225,
      36.966142895909925,
      60.841895975573244,
      50.151438246628004,
      30.90248264719133,
      44.0620533018737,
      48.68499501775147,
      26.21252069542895,
      61.973859904181076,
      64.9511143313125,
      20.430063178258912,
      0.0,
      60.163803917504914,
      29.19787915227075,
      44.8138655722606,
      25.39473422967046,
      51.17771379058354,
      26.663346107195895,
      43.944531820239014,
      22.867100598247823
    ],
    [
      34.174237671709456,
      32.15112650462938,
      4.076349794346858,
      62.44716364291749,
      32.510062858638534,
      60.24534126175437,
      38.483222985894535,
      40.38572999550104,
      51.21729674455128,
      51.109680930323236,
      30.96955495313387,
      39.614992542701614,
      66.38464271119594,
      5.280230593723058,
      52.708681410870184,
      71.45390147353625,
      49.06954167530451,
      31.490577289827495,
      61.733018735208184,
      16.474430169120215,
      37.06092753889485,
      31.494856018733724,
      37.716776020976205,
      72.44199342003722,
      7.522231152098617,
      76.93647536757008,
      49.797188570425845,
      76.90285417433105,
      72.63115111231072,
      38.391280149246974,
      6.489751788309645,
      9.855116053445162,
      40.36830203539456,
      60.163803917504914,
      0.0,
      32.97375168412512,
      67.89214934387239,
      34.8126963693302,
      9.549181821015857,
      46.24155924993085,
      65.99576079359518,
      44.084132899406235
    ],
    [
      2.981905301574165,
      13.313839170614711,
      34.61989422966324,
      32.32515497976673,
