{
  "name": "r-n41-k10",
  "n": 41,
  "m": 10,
  "prob_compat": 0.3,
  "layout": "R",
  "coords": [
    [
      35.0,
      35.0
    ],
    [
      41.0,
      49.0
    ],
    [
      35.0,
      17.0
    ],
    [
      55.0,
      45.0
    ],
    [
      55.0,
      20.0
    ],
    [
      15.0,
      30.0
    ],
    [
      25.0,
      30.0
    ],
    [
      20.0,
      50.0
    ],
    [
      10.0,
      43.0
    ],
    [
      55.0,
      60.0
    ],
    [
      30.0,
      60.0
    ],
    [
      20.0,
      65.0
    ],
    [
      50.0,
      35.0
    ],
    [
      30.0,
      25.0
    ],
    [
      15.0,
      10.0
    ],
    [
      30.0,
      5.0
    ],
    [
      10.0,
      20.0
    ],
    [
      5.0,
      30.0
    ],
    [
      20.0,
      40.0
    ],
    [
      15.0,
      60.0
    ],
    [
      45.0,
      65.0
    ],
    [
      45.0,
      20.0
    ],
    [
      45.0,
      10.0
    ],
    [
      55.0,
      5.0
    ],
    [
      65.0,
      35.0
    ],
    [
      65.0,
      20.0
    ],
    [
      45.0,
      30.0
    ],
    [
      35.0,
      40.0
    ],
    [
      41.0,
      37.0
    ],
    [
      64.0,
      42.0
    ],
    [
      40.0,
      60.0
    ],
    [
      31.0,
      52.0
    ],
    [
      35.0,
      69.0
    ],
    [
      53.0,
      52.0
    ],
    [
      65.0,
      55.0
    ],
    [
      63.0,
      65.0
    ],
    [
      2.0,
      60.0
    ],
    [
      20.0,
      20.0
    ],
    [
      5.0,
      5.0
    ],
    [
      60.0,
      12.0
    ],
    [
      40.0,
      25.0
    ]
  ],
  "c": [
    [
      0.0,
      15.231546211727817,
      18.0,
      22.360679774997898,
      25.0,
      20.615528128088304,
      11.180339887498949,
      21.213203435596427,
      26.248809496813376,
      32.01562118716424,
      25.495097567963924,
      33.54101966249684,
      15.0,
      11.180339887498949,
      32.01562118716424,
      30.4138126514911,
      29.154759474226502,
      30.4138126514911,
      15.811388300841896,
      32.01562118716424,
      31.622776601683793,
      18.027756377319946,
      26.92582403567252,
      36.05551275463989,
      30.0,
      33.54101966249684,
      11.180339887498949,
      5.0,
      6.324555320336759,
      29.832867780352597,
      25.495097567963924,
      17.46424919657298,
      34.0,
      24.758836806279895,
      36.05551275463989,
      41.036569057366385,
      41.400483088968905,
      21.213203435596427,
      42.42640687119285,
      33.97057550292606,
      11.180339887498949
    ],
    [
      15.231546211727817,
      0.0,
      32.55764119219941,
      14.560219778561036,
      32.202484376209235,
      32.202484376209235,
      24.839484696748443,
      21.02379604162864,
      31.575306807693888,
      17.804493814764857,
      15.556349186104045,
      26.40075756488817,
      16.64331697709324,
      26.40075756488817,
      46.87216658103186,
      45.35416188179427,
      42.44997055358225,
      40.70626487409524,
      22.847319317591726,
      28.231188426986208,
      16.492422502470642,
      29.274562336608895,
      39.20459156782532,
      46.17358552246078,
      27.784887978899608,
      37.64306044943742,
      19.4164878389476,
      10.816653826391969,
      12.0,
      24.041630560342615,
      11.045361017187261,
      10.44030650891055,
      20.8806130178211,
      12.36931687685298,
      24.73863375370596,
      27.202941017470888,
      40.52159917870962,
      35.805027579936315,
      56.85068161420758,
      41.593268686170845,
      24.020824298928627
    ],
    [
      18.0,
      32.55764119219941,
      0.0,
      34.40930106817051,
      20.223748416156685,
      23.853720883753127,
      16.401219466856727,
      36.24913792078372,
      36.069377593742864,
      47.4236228055175,
      43.289721643826724,
      50.28916384272063,
      23.430749027719962,
      9.433981132056603,
      21.18962010041709,
      13.0,
      25.179356624028344,
      32.69556544854363,
      27.459060435491963,
      47.4236228055175,
      49.03060268852505,
      10.44030650891055,
      12.206555615733702,
      23.323807579381203,
      34.9857113690718,
      30.14962686336267,
      16.401219466856727,
      23.0,
      20.8806130178211,
      38.28837943815329,
      43.289721643826724,
      35.22782990761707,
      52.0,
      39.35733730830886,
      48.41487374764082,
      55.569775957799216,
      54.20332093147061,
      15.297058540778355,
      32.31098884280702,
      25.495097567963924,
      9.433981132056603
    ],
    [
      22.360679774997898,
      14.560219778561036,
      34.40930106817051,
      0.0,
      25.0,
      42.720018726587654,
      33.54101966249684,
      35.35533905932738,
      45.044422518220834,
      15.0,
      29.154759474226502,
      40.311288741492746,
      11.180339887498949,
      32.01562118716424,
      53.150729063673246,
      47.16990566028302,
      51.478150704935004,
      52.20153254455275,
      35.35533905932738,
      42.720018726587654,
      22.360679774997898,
      26.92582403567252,
      36.40054944640259,
      40.0,
      14.142135623730951,
      26.92582403567252,
      18.027756377319946,
      20.615528128088304,
      16.1245154965971,
      9.486832980505138,
      21.213203435596427,
      25.0,
      31.240998703626616,
      7.280109889280518,
      14.142135623730951,
      21.540659228538015,
      55.08175741568164,
      43.01162633521314,
      64.03124237432849,
      33.37663853655727,
      25.0
    ],
    [
      25.0,
      32.202484376209235,
      20.223748416156685,
      25.0,
      0.0,
      41.23105625617661,
      31.622776601683793,
      46.09772228646444,
      50.53711507397311,
      40.0,
      47.16990566028302,
      57.0087712549569,
      15.811388300841896,
      25.495097567963924,
      41.23105625617661,
      29.154759474226502,
      45.0,
      50.99019513592785,
      40.311288741492746,
      56.568542494923804,
      46.09772228646444,
      10.0,
      14.142135623730951,
      15.0,
      18.027756377319946,
      10.0,
      14.142135623730951,
      28.284271247461902,
      22.02271554554524,
      23.769728648009426,
      42.720018726587654,
      40.0,
      52.92447448959697,
      32.0624390837628,
      36.40054944640259,
      45.70557952810576,
      66.40030120413611,
      35.0,
      52.20153254455275,
      9.433981132056603,
      15.811388300841896
    ],
    [
      20.615528128088304,
      32.202484376209235,
      23.853720883753127,
      42.720018726587654,
      41.23105625617661,
      0.0,
      10.0,
      20.615528128088304,
      13.92838827718412,
      50.0,
      33.54101966249684,
      35.35533905932738,
      35.35533905932738,
      15.811388300841896,
      20.0,
      29.154759474226502,
      11.180339887498949,
      10.0,
      11.180339887498949,
      30.0,
      46.09772228646444,
      31.622776601683793,
      36.05551275463989,
      47.16990566028302,
      50.24937810560445,
      50.99019513592785,
      30.0,
      22.360679774997898,
      26.92582403567252,
      50.44799302251776,
      39.05124837953327,
      27.202941017470888,
      43.829214001622255,
      43.9089968002003,
      55.90169943749474,
      59.405386961116584,
      32.69556544854363,
      11.180339887498949,
      26.92582403567252,
      48.46648326421054,
      25.495097567963924
    ],
    [
      11.180339887498949,
      24.839484696748443,
      16.401219466856727,
      33.54101966249684,
      31.622776601683793,
      10.0,
      0.0,
      20.615528128088304,
      19.849433241279208,
      42.42640687119285,
      30.4138126514911,
      35.35533905932738,
      25.495097567963924,
      7.0710678118654755,
      22.360679774997898,
      25.495097567963924,
      18.027756377319946,
      20.0,
      11.180339887498949,
      31.622776601683793,
      40.311288741492746,
      22.360679774997898,
      28.284271247461902,
      39.05124837953327,
      40.311288741492746,
      41.23105625617661,
      20.0,
      14.142135623730951,
      17.46424919657298,
      40.80441152620633,
      33.54101966249684,
      22.80350850198276,
      40.26164427839479,
      35.608987629529715,
      47.16990566028302,
      51.66236541235796,
      37.8021163428716,
      11.180339887498949,
      32.01562118716424,
      39.35733730830886,
      15.811388300841896
    ],
    [
      21.213203435596427,
      21.02379604162864,
      36.24913792078372,
      35.35533905932738,
      46.09772228646444,
      20.615528128088304,
      20.615528128088304,
      0.0,
      12.206555615733702,
      36.40054944640259,
      14.142135623730951,
      15.0,
      33.54101966249684,
      26.92582403567252,
      40.311288741492746,
      46.09772228646444,
      31.622776601683793,
      25.0,
      10.0,
      11.180339887498949,
      29.154759474226502,
      39.05124837953327,
      47.16990566028302,
      57.0087712549569,
      47.43416490252569,
      54.08326913195984,
      32.01562118716424,
      18.027756377319946,
      24.698178070456937,
      44.721359549995796,
      22.360679774997898,
      11.180339887498949,
      24.20743687382041,
      33.06055050963308,
      45.27692569068709,
      45.5411901469428,
      20.591260281974,
      30.0,
      47.43416490252569,
      55.17245689653489,
      32.01562118716424
    ],
    [
      26.248809496813376,
      31.575306807693888,
      36.069377593742864,
      45.044422518220834,
      50.53711507397311,
      13.92838827718412,
      19.849433241279208,
      12.206555615733702,
      0.0,
      48.104053883222775,
      26.248809496813376,
      24.166091947189145,
      40.792156108742276,
      26.90724809414742,
      33.37663853655727,
      42.941821107167776,
      23.0,
      13.92838827718412,
      10.44030650891055,
      17.72004514666935,
      41.340053217188775,
      41.88078318274385,
      48.104053883222775,
      58.89821729050889,
      55.57877292636101,
      59.61543424315552,
      37.33630940518894,
      25.179356624028344,
      31.575306807693888,
      54.00925846556311,
      34.48187929913333,
      22.847319317591726,
      36.069377593742864,
      43.93176527297759,
      56.293871780150276,
      57.38466694161429,
      18.788294228055936,
      25.079872407968907,
      38.3275357934736,
      58.83026432033091,
      34.9857113690718
    ],
    [
      32.01562118716424,
      17.804493814764857,
      47.4236228055175,
      15.0,
      40.0,
      50.0,
      42.42640687119285,
      36.40054944640259,
      48.104053883222775,
      0.0,
      25.0,
      35.35533905932738,
      25.495097567963924,
      43.01162633521314,
      64.03124237432849,
      60.41522986797286,
      60.207972893961475,
      58.309518948453004,
      40.311288741492746,
      40.0,
      11.180339887498949,
      41.23105625617661,
      50.99019513592785,
      55.0,
      26.92582403567252,
      41.23105625617661,
      31.622776601683793,
      28.284271247461902,
      26.92582403567252,
      20.12461179749811,
      15.0,
      25.298221281347036,
      21.93171219946131,
      8.246211251235321,
      11.180339887498949,
      9.433981132056603,
      53.0,
      53.150729063673246,
      74.33034373659252,
      48.25971404805462,
      38.07886552931954
    ],
    [
      25.495097567963924,
      15.556349186104045,
      43.289721643826724,
      29.154759474226502,
      47.16990566028302,
      33.54101966249684,
      30.4138126514911,
      14.142135623730951,
      26.248809496813376,
      25.0,
      0.0,
      11.180339887498949,
      32.01562118716424,
      35.0,
      52.20153254455275,
      55.0,
      44.721359549995796,
      39.05124837953327,
      22.360679774997898,
      15.0,
      15.811388300841896,
      42.720018726587654,
      52.20153254455275,
      60.41522986797286,
      43.01162633521314,
      53.150729063673246,
      33.54101966249684,
      20.615528128088304,
      25.495097567963924,
      38.47076812334269,
      10.0,
      8.06225774829855,
      10.295630140987,
      24.351591323771842,
      35.35533905932738,
      33.37663853655727,
      28.0,
      41.23105625617661,
      60.41522986797286,
      56.60388679233962,
      36.40054944640259
    ],
    [
      33.54101966249684,
      26.40075756488817,
      50.28916384272063,
      40.311288741492746,
      57.0087712549569,
      35.35533905932738,
      35.35533905932738,
      15.0,
      24.166091947189145,
      35.35533905932738,
      11.180339887498949,
      0.0,
      42.42640687119285,
      41.23105625617661,
      55.226805085936306,
      60.8276253029822,
      46.09772228646444,
      38.07886552931954,
      25.0,
      7.0710678118654755,
      25.0,
      51.478150704935004,
      60.41522986797286,
      69.46221994724903,
      54.08326913195984,
      63.63961030678928,
      43.01162633521314,
      29.154759474226502,
      35.0,
      49.64876634922564,
      20.615528128088304,
      17.029386365926403,
      15.524174696260024,
      35.4682957019364,
      46.09772228646444,
      43.0,
      18.681541692269406,
      45.0,
      61.84658438426491,
      66.40030120413611,
      44.721359549995796
    ],
    [
      15.0,
      16.64331697709324,
      23.430749027719962,
      11.180339887498949,
      15.811388300841896,
      35.35533905932738,
      25.495097567963924,
      33.54101966249684,
      40.792156108742276,
      25.495097567963924,
      32.01562118716424,
      42.42640687119285,
      0.0,
      22.360679774997898,
      43.01162633521314,
      36.05551275463989,
      42.720018726587654,
      45.27692569068709,
      30.4138126514911,
      43.01162633521314,
      30.4138126514911,
      15.811388300841896,
      25.495097567963924,
      30.4138126514911,
      15.0,
      21.213203435596427,
      7.0710678118654755,
      15.811388300841896,
      9.219544457292887,
      15.652475842498529,
      26.92582403567252,
      25.495097567963924,
      37.16180835212409,
      17.26267650163207,
      25.0,
      32.69556544854363,
      54.120236510939236,
      33.54101966249684,
      54.08326913195984,
      25.079872407968907,
      14.142135623730951
    ],
    [
      11.180339887498949,
      26.40075756488817,
      9.433981132056603,
      32.01562118716424,
      25.495097567963924,
      15.811388300841896,
      7.0710678118654755,
      26.92582403567252,
      26.90724809414742,
      43.01162633521314,
      35.0,
      41.23105625617661,
      22.360679774997898,
      0.0,
      21.213203435596427,
      20.0,
      20.615528128088304,
      25.495097567963924,
      18.027756377319946,
      38.07886552931954,
      42.720018726587654,
      15.811388300841896,
      21.213203435596427,
      32.01562118716424,
      36.40054944640259,
      35.35533905932738,
      15.811388300841896,
      15.811388300841896,
      16.278820596099706,
      38.01315561749642,
      36.40054944640259,
      27.018512172212592,
      44.28317965096906,
      35.4682957019364,
      46.09772228646444,
      51.85556864985669,
      44.82186966202994,
      11.180339887498949,
      32.01562118716424,
      32.69556544854363,
      10.0
    ],
    [
      32.01562118716424,
      46.87216658103186,
      21.18962010041709,
      53.150729063673246,
      41.23105625617661,
      20.0,
      22.360679774997898,
      40.311288741492746,
      33.37663853655727,
      64.03124237432849,
      52.20153254455275,
      55.226805085936306,
      43.01162633521314,
      21.213203435596427,
      0.0,
      15.811388300841896,
      11.180339887498949,
      22.360679774997898,
      30.4138126514911,
      50.0,
      62.64982043070834,
      31.622776601683793,
      30.0,
      40.311288741492746,
      55.90169943749474,
      50.99019513592785,
      36.05551275463989,
      36.05551275463989,
      37.48332962798263,
      58.52349955359813,
      55.90169943749474,
      44.94441010848846,
      62.297672508690084,
      56.639209034025185,
      67.26812023536856,
      73.0,
      51.66236541235796,
      11.180339887498949,
      11.180339887498949,
      45.044422518220834,
      29.154759474226502
    ],
    [
      30.4138126514911,
      45.35416188179427,
      13.0,
      47.16990566028302,
      29.154759474226502,
      29.154759474226502,
      25.495097567963924,
      46.09772228646444,
      42.941821107167776,
      60.41522986797286,
      55.0,
      60.8276253029822,
      36.05551275463989,
      20.0,
      15.811388300841896,
      0.0,
      25.0,
      35.35533905932738,
      36.40054944640259,
      57.0087712549569,
      61.84658438426491,
      21.213203435596427,
      15.811388300841896,
      25.0,
      46.09772228646444,
      38.07886552931954,
      29.154759474226502,
      35.35533905932738,
      33.83784863137726,
      50.24937810560445,
      55.90169943749474,
      47.01063709417264,
      64.19501538281614,
      52.32590180780452,
      61.032778078668514,
      68.47627326307996,
      61.71709649683789,
      18.027756377319946,
      25.0,
      30.805843601498726,
      22.360679774997898
    ],
    [
      29.154759474226502,
      42.44997055358225,
      25.179356624028344,
      51.478150704935004,
      45.0,
      11.180339887498949,
      18.027756377319946,
      31.622776601683793,
      23.0,
      60.207972893961475,
      44.721359549995796,
      46.09772228646444,
      42.720018726587654,
      20.615528128088304,
      11.180339887498949,
      25.0,
      0.0,
      11.180339887498949,
      22.360679774997898,
      40.311288741492746,
      57.0087712549569,
      35.0,
      36.40054944640259,
      47.43416490252569,
      57.0087712549569,
      55.0,
      36.40054944640259,
      32.01562118716424,
      35.35533905932738,
      58.309518948453004,
      50.0,
      38.27531841800928,
      55.00909015790027,
      53.600373133029585,
      65.19202405202648,
      69.52697318307479,
      40.792156108742276,
      10.0,
      15.811388300841896,
      50.635955604688654,
      30.4138126514911
    ],
    [
      30.4138126514911,
      40.70626487409524,
      32.69556544854363,
      52.20153254455275,
      50.99019513592785,
      10.0,
      20.0,
      25.0,
      13.92838827718412,
      58.309518948453004,
      39.05124837953327,
      38.07886552931954,
      45.27692569068709,
      25.495097567963924,
      22.360679774997898,
      35.35533905932738,
      11.180339887498949,
      0.0,
      18.027756377319946,
      31.622776601683793,
      53.150729063673246,
      41.23105625617661,
      44.721359549995796,
      55.90169943749474,
      60.207972893961475,
      60.8276253029822,
      40.0,
      31.622776601683793,
      36.6742416417845,
      60.207972893961475,
      46.09772228646444,
      34.058772731852805,
      49.20365840057018,
      52.80151512977634,
      65.0,
      67.7421582177598,
      30.14962686336267,
      18.027756377319946,
      25.0,
      57.87054518492115,
      35.35533905932738
    ],
    [
      15.811388300841896,
      22.847319317591726,
      27.459060435491963,
      35.35533905932738,
      40.311288741492746,
      11.180339887498949,
      11.180339887498949,
      10.0,
      10.44030650891055,
      40.311288741492746,
      22.360679774997898,
      25.0,
      30.4138126514911,
      18.027756377319946,
      30.4138126514911,
      36.40054944640259,
      22.360679774997898,
      18.027756377319946,
      0.0,
      20.615528128088304,
      35.35533905932738,
      32.01562118716424,
      39.05124837953327,
      49.49747468305833,
      45.27692569068709,
      49.24428900898052,
      26.92582403567252,
      15.0,
      21.213203435596427,
      44.04543109109048,
      28.284271247461902,
      16.278820596099706,
      32.64965543462902,
      35.11409973215888,
      47.43416490252569,
      49.73932046178355,
      26.90724809414742,
      20.0,
      38.07886552931954,
      48.82622246293481,
      25.0
    ],
    [
      32.01562118716424,
      28.231188426986208,
      47.4236228055175,
      42.720018726587654,
      56.568542494923804,
      30.0,
      31.622776601683793,
      11.180339887498949,
      17.72004514666935,
      40.0,
      15.0,
      7.0710678118654755,
      43.01162633521314,
      38.07886552931954,
      50.0,
      57.0087712549569,
      40.311288741492746,
      31.622776601683793,
      20.615528128088304,
      0.0,
      30.4138126514911,
      50.0,
      58.309518948453004,
      68.00735254367721,
      55.90169943749474,
      64.03124237432849,
      42.42640687119285,
      28.284271247461902,
      34.713109915419565,
      52.20153254455275,
      25.0,
      17.88854381999832,
      21.93171219946131,
      38.8329756778952,
      50.24937810560445,
      48.25971404805462,
      13.0,
      40.311288741492746,
      55.90169943749474,
      65.79513659838392,
      43.01162633521314
    ],
    [
      31.622776601683793,
      16.492422502470642,
      49.03060268852505,
      22.360679774997898,
      46.09772228646444,
      46.09772228646444,
      40.311288741492746,
      29.154759474226502,
      41.340053217188775,
      11.180339887498949,
      15.811388300841896,
      25.0,
      30.4138126514911,
      42.720018726587654,
      62.64982043070834,
      61.84658438426491,
      57.0087712549569,
      53.150729063673246,
      35.35533905932738,
      30.4138126514911,
      0.0,
      45.0,
      55.0,
      60.8276253029822,
      36.05551275463989,
      49.24428900898052,
      35.0,
      26.92582403567252,
      28.284271247461902,
      29.832867780352597,
      7.0710678118654755,
      19.1049731745428,
      10.770329614269007,
      15.264337522473747,
      22.360679774997898,
      18.0,
      43.289721643826724,
      51.478150704935004,
      72.11102550927978,
      55.08175741568164,
      40.311288741492746
    ],
    [
      18.027756377319946,
      29.274562336608895,
      10.44030650891055,
      26.92582403567252,
      10.0,
      31.622776601683793,
      22.360679774997898,
      39.05124837953327,
      41.88078318274385,
      41.23105625617661,
      42.720018726587654,
      51.478150704935004,
      15.811388300841896,
      15.811388300841896,
      31.622776601683793,
      21.213203435596427,
      35.0,
      41.23105625617661,
      32.01562118716424,
      50.0,
      45.0,
      0.0,
      10.0,
      18.027756377319946,
      25.0,
      20.0,
      10.0,
      22.360679774997898,
      17.46424919657298,
      29.068883707497267,
      40.311288741492746,
      34.92849839314596,
      50.00999900019995,
      32.984845004941285,
      40.311288741492746,
      48.46648326421054,
      58.728187440104094,
      25.0,
      42.720018726587654,
      17.0,
      7.0710678118654755
    ],
    [
      26.92582403567252,
      39.20459156782532,
      12.206555615733702,
      36.40054944640259,
      14.142135623730951,
      36.05551275463989,
      28.284271247461902,
      47.16990566028302,
      48.104053883222775,
      50.99019513592785,
      52.20153254455275,
      60.41522986797286,
      25.495097567963924,
      21.213203435596427,
      30.0,
      15.811388300841896,
      36.40054944640259,
      44.721359549995796,
      39.05124837953327,
      58.309518948453004,
      55.0,
      10.0,
      0.0,
      11.180339887498949,
      32.01562118716424,
      22.360679774997898,
      20.0,
      31.622776601683793,
      27.294688127912362,
      37.21558813185679,
      50.24937810560445,
      44.27188724235731,
      59.841457201508724,
      42.7551166528639,
      49.24428900898052,
      57.87054518492115,
      65.94694837519019,
      26.92582403567252,
      40.311288741492746,
      15.132745950421556,
      15.811388300841896
    ],
    [
      36.05551275463989,
      46.17358552246078,
      23.323807579381203,
      40.0,
      15.0,
      47.16990566028302,
      39.05124837953327,
      57.0087712549569,
      58.89821729050889,
      55.0,
      60.41522986797286,
      69.46221994724903,
      30.4138126514911,
      32.01562118716424,
      40.311288741492746,
      25.0,
      47.43416490252569,
      55.90169943749474,
      49.49747468305833,
      68.00735254367721,
      60.8276253029822,
      18.027756377319946,
      11.180339887498949,
      0.0,
      31.622776601683793,
      18.027756377319946,
      26.92582403567252,
      40.311288741492746,
      34.92849839314596,
      38.07886552931954,
      57.0087712549569,
      52.773099207835045,
      67.05221845696084,
      47.042533945356304,
      50.99019513592785,
      60.530983801686226,
      76.38062581571324,
      38.07886552931954,
      50.0,
      8.602325267042627,
      25.0
    ],
    [
      30.0,
      27.784887978899608,
      34.9857113690718,
      14.142135623730951,
      18.027756377319946,
      50.24937810560445,
      40.311288741492746,
      47.43416490252569,
      55.57877292636101,
      26.92582403567252,
      43.01162633521314,
      54.08326913195984,
      15.0,
      36.40054944640259,
      55.90169943749474,
      46.09772228646444,
      57.0087712549569,
      60.207972893961475,
      45.27692569068709,
      55.90169943749474,
      36.05551275463989,
      25.0,
      32.01562118716424,
      31.622776601683793,
      0.0,
      15.0,
      20.615528128088304,
      30.4138126514911,
      24.08318915758459,
      7.0710678118654755,
      35.35533905932738,
      38.01315561749642,
      45.34313619501854,
      20.808652046684813,
      20.0,
      30.066592756745816,
      67.77905281132217,
      47.43416490252569,
      67.08203932499369,
      23.53720459187964,
      26.92582403567252
    ],
    [
      33.54101966249684,
      37.64306044943742,
      30.14962686336267,
      26.92582403567252,
      10.0,
      50.99019513592785,
      41.23105625617661,
      54.08326913195984,
      59.61543424315552,
      41.23105625617661,
      53.150729063673246,
      63.63961030678928,
      21.213203435596427,
      35.35533905932738,
      50.99019513592785,
      38.07886552931954,
      55.0,
      60.8276253029822,
      49.24428900898052,
      64.03124237432849,
      49.24428900898052,
      20.0,
      22.360679774997898,
      18.027756377319946,
      15.0,
      0.0,
      22.360679774997898,
      36.05551275463989,
      29.410882339705484,
      22.02271554554524,
      47.16990566028302,
      46.69047011971501,
      57.4543296888929,
      34.17601498127012,
      35.0,
      45.044422518220834,
      74.62573282722254,
      45.0,
      61.84658438426491,
      9.433981132056603,
      25.495097567963924
    ],
    [
      11.180339887498949,
      19.4164878389476,
      16.401219466856727,
      18.027756377319946,
      14.142135623730951,
      30.0,
      20.0,
      32.01562118716424,
      37.33630940518894,
      31.622776601683793,
      33.54101966249684,
      43.01162633521314,
      7.0710678118654755,
      15.811388300841896,
      36.05551275463989,
      29.154759474226502,
      36.40054944640259,
      40.0,
      26.92582403567252,
      42.42640687119285,
      35.0,
      10.0,
      20.0,
      26.92582403567252,
      20.615528128088304,
      22.360679774997898,
      0.0,
      14.142135623730951,
      8.06225774829855,
      22.47220505424423,
      30.4138126514911,
      26.076809620810597,
      40.26164427839479,
      23.40939982143925,
      32.01562118716424,
      39.35733730830886,
      52.43090691567332,
      26.92582403567252,
      47.16990566028302,
      23.430749027719962,
      7.0710678118654755
    ],
    [
      5.0,
      10.816653826391969,
      23.0,
      20.615528128088304,
      28.284271247461902,
      22.360679774997898,
      14.142135623730951,
      18.027756377319946,
      25.179356624028344,
      28.284271247461902,
      20.615528128088304,
      29.154759474226502,
      15.811388300841896,
      15.811388300841896,
      36.05551275463989,
      35.35533905932738,
      32.01562118716424,
      31.622776601683793,
      15.0,
      28.284271247461902,
      26.92582403567252,
      22.360679774997898,
      31.622776601683793,
      40.311288741492746,
      30.4138126514911,
      36.05551275463989,
      14.142135623730951,
      0.0,
      6.708203932499369,
      29.068883707497267,
      20.615528128088304,
      12.649110640673518,
      29.0,
      21.633307652783937,
      33.54101966249684,
      37.53664875824692,
      38.58756276314948,
      25.0,
      46.09772228646444,
      37.53664875824692,
      15.811388300841896
    ],
    [
      6.324555320336759,
      12.0,
      20.8806130178211,
      16.1245154965971,
      22.02271554554524,
      26.92582403567252,
      17.46424919657298,
      24.698178070456937,
      31.575306807693888,
      26.92582403567252,
      25.495097567963924,
      35.0,
      9.219544457292887,
      16.278820596099706,
      37.48332962798263,
      33.83784863137726,
      35.35533905932738,
      36.6742416417845,
      21.213203435596427,
      34.713109915419565,
      28.284271247461902,
      17.46424919657298,
      27.294688127912362,
      34.92849839314596,
      24.08318915758459,
      29.410882339705484,
      8.06225774829855,
      6.708203932499369,
      0.0,
      23.53720459187964,
      23.021728866442675,
      18.027756377319946,
      32.55764119219941,
      19.209372712298546,
      30.0,
      35.608987629529715,
      45.27692569068709,
      27.018512172212592,
      48.16637831516918,
      31.400636936215164,
      12.041594578792296
    ],
    [
      29.832867780352597,
      24.041630560342615,
      38.28837943815329,
      9.486832980505138,
      23.769728648009426,
      50.44799302251776,
      40.80441152620633,
      44.721359549995796,
      54.00925846556311,
      20.12461179749811,
      38.47076812334269,
      49.64876634922564,
      15.652475842498529,
      38.01315561749642,
      58.52349955359813,
      50.24937810560445,
      58.309518948453004,
      60.207972893961475,
      44.04543109109048,
      52.20153254455275,
      29.832867780352597,
      29.068883707497267,
      37.21558813185679,
      38.07886552931954,
      7.0710678118654755,
      22.02271554554524,
      22.47220505424423,
      29.068883707497267,
      23.53720459187964,
      0.0,
      30.0,
      34.48187929913333,
      39.6232255123179,
      14.866068747318506,
      13.038404810405298,
      23.021728866442675,
      64.5600495662759,
      49.193495504995376,
      69.6419413859206,
      30.265491900843113,
      29.410882339705484
    ],
    [
      25.495097567963924,
      11.045361017187261,
      43.289721643826724,
      21.213203435596427,
      42.720018726587654,
      39.05124837953327,
      33.54101966249684,
      22.360679774997898,
      34.48187929913333,
      15.0,
      10.0,
      20.615528128088304,
      26.92582403567252,
      36.40054944640259,
      55.90169943749474,
      55.90169943749474,
      50.0,
      46.09772228646444,
      28.284271247461902,
      25.0,
      7.0710678118654755,
      40.311288741492746,
      50.24937810560445,
      57.0087712549569,
      35.35533905932738,
      47.16990566028302,
      30.4138126514911,
      20.615528128088304,
      23.021728866442675,
      30.0,
      0.0,
      12.041594578792296,
      10.295630140987,
      15.264337522473747,
      25.495097567963924,
      23.53720459187964,
      38.0,
      44.721359549995796,
      65.19202405202648,
      52.0,
      35.0
    ],
    [
      17.46424919657298,
      10.44030650891055,
      35.22782990761707,
      25.0,
      40.0,
      27.202941017470888,
      22.80350850198276,
      11.180339887498949,
      22.847319317591726,
      25.298221281347036,
      8.06225774829855,
      17.029386365926403,
      25.495097567963924,
      27.018512172212592,
      44.94441010848846,
      47.01063709417264,
      38.27531841800928,
      34.058772731852805,
      16.278820596099706,
      17.88854381999832,
      19.1049731745428,
      34.92849839314596,
      44.27188724235731,
      52.773099207835045,
      38.01315561749642,
      46.69047011971501,
      26.076809620810597,
      12.649110640673518,
      18.027756377319946,
      34.48187929913333,
      12.041594578792296,
      0.0,
      17.46424919657298,
      22.0,
      34.132096331752024,
      34.539832078341085,
      30.083217912982647,
      33.83784863137726,
      53.71219600798314,
      49.4064773081425,
      28.460498941515414
    ],
    [
      34.0,
      20.8806130178211,
      52.0,
      31.240998703626616,
      52.92447448959697,
      43.829214001622255,
      40.26164427839479,
      24.20743687382041,
      36.069377593742864,
      21.93171219946131,
      10.295630140987,
      15.524174696260024,
      37.16180835212409,
      44.28317965096906,
      62.297672508690084,
      64.19501538281614,
      55.00909015790027,
      49.20365840057018,
      32.64965543462902,
      21.93171219946131,
      10.770329614269007,
      50.00999900019995,
      59.841457201508724,
      67.05221845696084,
      45.34313619501854,
      57.4543296888929,
      40.26164427839479,
      29.0,
      32.55764119219941,
      39.6232255123179,
      10.295630140987,
      17.46424919657298,
      0.0,
      24.758836806279895,
      33.1058907144937,
      28.284271247461902,
      34.20526275297414,
      51.24451190127583,
      70.68238818828917,
      62.24146527838174,
      44.28317965096906
    ],
    [
      24.758836806279895,
      12.36931687685298,
      39.35733730830886,
      7.280109889280518,
      32.0624390837628,
      43.9089968002003,
      35.608987629529715,
      33.06055050963308,
      43.93176527297759,
      8.246211251235321,
      24.351591323771842,
      35.4682957019364,
      17.26267650163207,
      35.4682957019364,
      56.639209034025185,
      52.32590180780452,
      53.600373133029585,
      52.80151512977634,
      35.11409973215888,
      38.8329756778952,
      15.264337522473747,
      32.984845004941285,
      42.7551166528639,
      47.042533945356304,
      20.808652046684813,
      34.17601498127012,
      23.40939982143925,
      21.633307652783937,
      19.209372712298546,
      14.866068747318506,
      15.264337522473747,
      22.0,
      24.758836806279895,
      0.0,
      12.36931687685298,
      16.401219466856727,
      51.62363799656123,
      45.967379738244816,
      67.17886572427373,
      40.607881008493905,
      29.966648127543394
    ],
    [
      36.05551275463989,
      24.73863375370596,
      48.41487374764082,
      14.142135623730951,
      36.40054944640259,
      55.90169943749474,
      47.16990566028302,
      45.27692569068709,
      56.293871780150276,
      11.180339887498949,
      35.35533905932738,
      46.09772228646444,
      25.0,
      46.09772228646444,
      67.26812023536856,
      61.032778078668514,
      65.19202405202648,
      65.0,
      47.43416490252569,
      50.24937810560445,
      22.360679774997898,
      40.311288741492746,
      49.24428900898052,
      50.99019513592785,
      20.0,
      35.0,
      32.01562118716424,
      33.54101966249684,
      30.0,
      13.038404810405298,
      25.495097567963924,
      34.132096331752024,
      33.1058907144937,
      12.36931687685298,
      0.0,
      10.198039027185569,
      63.198101237299845,
      57.0087712549569,
      78.10249675906654,
      43.289721643826724,
      39.05124837953327
    ],
    [
      41.036569057366385,
      27.202941017470888,
      55.569775957799216,
      21.540659228538015,
      45.70557952810576,
      59.405386961116584,
      51.66236541235796,
      45.5411901469428,
      57.38466694161429,
      9.433981132056603,
      33.37663853655727,
      43.0,
      32.69556544854363,
      51.85556864985669,
      73.0,
      68.47627326307996,
      69.52697318307479,
      67.7421582177598,
      49.73932046178355,
      48.25971404805462,
      18.0,
      48.46648326421054,
      57.87054518492115,
      60.530983801686226,
      30.066592756745816,
      45.044422518220834,
      39.35733730830886,
      37.53664875824692,
      35.608987629529715,
      23.021728866442675,
      23.53720459187964,
      34.539832078341085,
      28.284271247461902,
      16.401219466856727,
      10.198039027185569,
      0.0,
      61.204574992397426,
      62.24146527838174,
      83.45058418010026,
      53.08483775994799,
      46.14108798023731
    ],
    [
      41.400483088968905,
      40.52159917870962,
      54.20332093147061,
      55.08175741568164,
      66.40030120413611,
      32.69556544854363,
      37.8021163428716,
      20.591260281974,
      18.788294228055936,
      53.0,
      28.0,
      18.681541692269406,
      54.120236510939236,
      44.82186966202994,
      51.66236541235796,
      61.71709649683789,
      40.792156108742276,
      30.14962686336267,
      26.90724809414742,
      13.0,
      43.289721643826724,
      58.728187440104094,
      65.94694837519019,
      76.38062581571324,
      67.77905281132217,
      74.62573282722254,
      52.43090691567332,
      38.58756276314948,
      45.27692569068709,
      64.5600495662759,
      38.0,
      30.083217912982647,
      34.20526275297414,
      51.62363799656123,
      63.198101237299845,
      61.204574992397426,
      0.0,
      43.86342439892262,
      55.08175741568164,
      75.28612089887484,
      51.66236541235796
    ],
    [
      21.213203435596427,
      35.805027579936315,
      15.297058540778355,
      43.01162633521314,
      35.0,
      11.180339887498949,
      11.180339887498949,
      30.0,
      25.079872407968907,
      53.150729063673246,
      41.23105625617661,
      45.0,
      33.54101966249684,
      11.180339887498949,
      11.180339887498949,
      18.027756377319946,
      10.0,
      18.027756377319946,
      20.0,
      40.311288741492746,
      51.478150704935004,
      25.0,
      26.92582403567252,
      38.07886552931954,
      47.43416490252569,
      45.0,
      26.92582403567252,
      25.0,
      27.018512172212592,
      49.193495504995376,
      44.721359549995796,
      33.83784863137726,
      51.24451190127583,
      45.967379738244816,
      57.0087712549569,
      62.24146527838174,
      43.86342439892262,
      0.0,
      21.213203435596427,
      40.792156108742276,
      20.615528128088304
    ],
    [
      42.42640687119285,
      56.85068161420758,
      32.31098884280702,
      64.03124237432849,
      52.20153254455275,
      26.92582403567252,
      32.01562118716424,
      47.43416490252569,
      38.3275357934736,
      74.33034373659252,
      60.41522986797286,
      61.84658438426491,
      54.08326913195984,
      32.01562118716424,
      11.180339887498949,
      25.0,
      15.811388300841896,
      25.0,
      38.07886552931954,
      55.90169943749474,
      72.11102550927978,
      42.720018726587654,
      40.311288741492746,
      50.0,
      67.08203932499369,
      61.84658438426491,
      47.16990566028302,
      46.09772228646444,
      48.16637831516918,
      69.6419413859206,
      65.19202405202648,
      53.71219600798314,
      70.68238818828917,
      67.17886572427373,
      78.10249675906654,
      83.45058418010026,
      55.08175741568164,
      21.213203435596427,
      0.0,
      55.44366510251645,
      40.311288741492746
    ],
    [
      33.97057550292606,
      41.593268686170845,
      25.495097567963924,
      33.37663853655727,
      9.433981132056603,
      48.46648326421054,
      39.35733730830886,
      55.17245689653489,
      58.83026432033091,
      48.25971404805462,
      56.60388679233962,
      66.40030120413611,
      25.079872407968907,
      32.69556544854363,
      45.044422518220834,
      30.805843601498726,
      50.635955604688654,
      57.87054518492115,
      48.82622246293481,
