{
  "name": "RC-n61-k14",
  "n": 62,
  "m": 14,
  "prob_compat": 0.7,
  "layout": "RC",
  "coords": [
    [
      50.0,
      50.0
    ],
    [
      54.13257260299007,
      36.45237298317884
    ],
    [
      26.130363697010097,
      44.79258314428848
    ],
    [
      29.09091274887613,
      33.121686987292236
    ],
    [
      40.07133644879918,
      56.964289340842484
    ],
    [
      62.75522650263052,
      30.617051980412693
    ],
    [
      40.12702202824595,
      30.939534500587765
    ],
    [
      49.7761120857417,
      41.83800678317989
    ],
    [
      54.357471684757385,
      35.52155270611927
    ],
    [
      42.2431123420764,
      40.675922210119914
    ],
    [
      41.7011632836303,
      50.83194841916806
    ],
    [
      28.590578647223907,
      73.22038108396048
    ],
    [
      51.3660100681351,
      33.85212908656665
    ],
    [
      45.25107458647823,
      36.36997769265601
    ],
    [
      40.85460214336223,
      47.178050923233144
    ],
    [
      58.966870034646064,
      33.14961842800733
    ],
    [
      26.899398375586497,
      32.757985653907085
    ],
    [
      33.314621311208256,
      42.15479240061471
    ],
    [
      26.21849920319449,
      34.685490626458396
    ],
    [
      28.229916580436992,
      75.54575485164553
    ],
    [
      53.39495003076223,
      30.95736737294181
    ],
    [
      49.950294525396835,
      50.796420966756315
    ],
    [
      26.237241372837325,
      34.56143812257726
    ],
    [
      36.84177114087677,
      33.34139086662304
    ],
    [
      46.447450984893365,
      34.52454919043312
    ],
    [
      16.601459919620787,
      77.6038439341436
    ],
    [
      42.37632855603263,
      51.58618414365211
    ],
    [
      37.23392064916215,
      43.293844192434435
    ],
    [
      50.68148183546692,
      59.23930047957934
    ],
    [
      36.40257383991047,
      51.86841450131398
    ],
    [
      18.555716984151715,
      72.40468907114946
    ],
    [
      29.622349963280183,
      76.9641161916369
    ],
    [
      34.26884642917546,
      26.95255785233739
    ],
    [
      32.40617527770697,
      57.384287936235324
    ],
    [
      69.74119916986642,
      11.108378528409979
    ],
    [
      38.29595138889281,
      64.1315666890037
    ],
    [
      10.496777658932299,
      49.02336655817945
    ],
    [
      72.626576334615,
      39.963578975175665
    ],
    [
      62.505059000389075,
      17.557149876083024
    ],
    [
      62.2833801687102,
      87.6164569034511
    ],
    [
      35.81237555678537,
      79.47989557973966
    ],
    [
      77.37370453849057,
      82.96850703312026
    ],
    [
      98.93523618692682,
      48.72591235721031
    ],
    [
      9.871257677871403,
      34.44847936479854
    ],
    [
      12.121723952768448,
      5.582032806897619
    ],
    [
      80.85050207343075,
      83.91901623140194
    ],
    [
      47.90373073630373,
      79.76831253496458
    ],
    [
      13.766166600177721,
      17.08136985403492
    ],
    [
      5.506507031586727,
      5.89866962051172
    ],
    [
      80.28496148987189,
      23.340188480143286
    ],
    [
      44.08338353372414,
      77.96111819346801
    ],
    [
      42.29427797319707,
      87.93642236579893
    ],
    [
      81.5002646340803,
      74.1120479051788
    ],
    [
      51.039255566731676,
      97.9643979845428
    ],
    [
      33.74539204123075,
      20.061445398156298
    ],
    [
      6.935819509021246,
      7.394646169885732
    ],
    [
      59.42417349786692,
      70.55223841857172
    ],
    [
      35.92236639460881,
      86.77907934223985
    ],
    [
      67.55264346511433,
      91.18495922937797
    ],
    [
      60.36755384091168,
      63.18863349394973
    ],
    [
      23.336294298537062,
      98.23767686725606
    ],
    [
      66.95604504297707,
      49.88725100987427
    ]
  ],
  "c": [
    [
      0.0,
      14.163910268915386,
      24.431060712669886,
      26.87131146464666,
      12.127641400367835,
      23.203329008214133,
      21.46571776309902,
      8.165063323059313,
      15.119953555654346,
      12.128797663799267,
      8.340433383051629,
      31.584005767873307,
      16.205545919318897,
      14.433634354586088,
      9.570877626845935,
      19.087695443399753,
      28.825767190496936,
      18.437709843303164,
      28.28593250187723,
      33.563702463153604,
      19.342893865202115,
      1.0,
      28.337570298383117,
      21.228477217353433,
      15.877977902241183,
      43.32937432552255,
      7.786934340492212,
      14.42030886310116,
      9.26439910863227,
      13.725194750086702,
      38.60975300044859,
      33.79810916331153,
      27.90436851496053,
      19.08062830946612,
      43.6150566359116,
      18.3490035417981,
      39.515293092769944,
      24.752610036392028,
      34.769455341810456,
      39.57119227845247,
      32.71624872649759,
      42.85139619841434,
      48.951819577946445,
      43.03679535493891,
      58.37567649182145,
      45.8503341349751,
      29.842030359967918,
      48.954334777759136,
      62.64661409662151,
      40.34754568393607,
      28.580246343201704,
      38.71111331220849,
      39.66935248020475,
      47.97565555729902,
      34.06654270014586,
      60.57837746546888,
      22.609943611864946,
      39.38121944773186,
      44.769366304862366,
      16.775763055132106,
      55.116482755016555,
      16.956419900269086
    ],
    [
      14.163910268915386,
      0.0,
      29.217850864593384,
      25.262189086703014,
      24.86879721353074,
      10.411586405457548,
      15.051472852742759,
      6.9270339732137645,
      1.0,
      12.617354452033112,
      19.008212103845256,
      44.76918443455877,
      3.796727088049931,
      8.881880206420485,
      17.06882148247257,
      5.854794557405233,
      27.48261771081499,
      21.58482529925479,
      27.969936843540868,
      46.89605628340687,
      5.544291994077913,
      14.941323986631504,
      27.959347973208768,
      17.568438317953852,
      7.923231592021891,
      55.695852454916775,
      19.16354649673404,
      18.231022082255432,
      23.046780517284766,
      23.49483330921227,
      50.57945914907574,
      47.34925925118782,
      22.018494613130382,
      30.16921285579155,
      29.7648665078067,
      31.88943925006161,
      45.41048865474323,
      18.824365634559673,
      20.6670748956295,
      51.80925735208007,
      46.76534315718553,
      51.99904749700192,
      46.45340066110675,
      44.306653998404315,
      52.13337996822334,
      54.46953255207471,
      43.76150237656542,
      44.77368083833613,
      57.428416677880584,
      29.255372616535677,
      42.707869648140466,
      52.82757386605834,
      46.55364306194857,
      61.58975426201367,
      26.159121513445932,
      55.424588317542145,
      34.50799708390163,
      53.519986762918016,
      56.353831272967255,
      27.45364487890527,
      69.03502396213888,
      18.57249022105786
    ],
    [
      24.431060712669886,
      29.217850864593384,
      0.0,
      12.040542670324063,
      18.506786674119223,
      39.27246184425585,
      19.692978473712206,
      23.82962312620208,
      29.710631611216325,
      16.63032068680564,
      16.701009930244133,
      28.53405602609056,
      27.505115574336283,
      20.893584362490184,
      14.916221181968892,
      34.839557629886386,
      12.059143878913927,
      7.653201779293111,
      10.107476788567324,
      30.824757782868176,
      30.574022689046714,
      24.56491753024268,
      10.231703244957632,
      15.680052742532057,
      22.764370343609208,
      34.16692613944995,
      17.609213177741637,
      11.20424899024869,
      28.486225506624375,
      12.473399320673197,
      28.632213790428565,
      32.360492992234384,
      19.60870734136262,
      14.069002827633028,
      55.104724037462645,
      22.84727135637108,
      16.195942106133746,
      46.746305425206366,
      45.44103083910546,
      56.043953855377794,
      36.013205878502895,
      63.90055669054862,
      72.91104537016498,
      19.27067750605697,
      41.63783430060945,
      67.26939356092777,
      41.19928589960756,
      30.34443461109868,
      44.02362971122386,
      58.248825730076966,
      37.7155490290954,
      46.072366853673415,
      62.6534671318839,
      58.71707407205992,
      25.876974917896565,
      42.03612989472338,
      42.095577094340186,
      43.11321351755591,
      62.193712061650416,
      38.86643612960859,
      53.51807981290315,
      41.14233705106053
    ],
    [
      26.87131146464666,
      25.262189086703014,
      12.040542670324063,
      0.0,
      26.249559836678245,
      33.75735796872888,
      11.249777664532898,
      22.44664122736511,
      25.380274938005737,
      15.167294549166893,
      21.741016041911568,
      40.1018154510672,
      22.287070382687144,
      16.483392342720112,
      18.329368654418104,
      29.875970342509884,
      2.221489119541481,
      9.971795596968157,
      3.2705108774142135,
      42.4328039205674,
      24.40021531856577,
      27.340629644239474,
      3.1962984300558843,
      7.7539716021816725,
      17.413139920741738,
      46.202258804289116,
      22.747305959305727,
      13.03001764658233,
      33.88631594044043,
      20.122131606644594,
      40.67117655688606,
      43.845650001463405,
      8.054138779616784,
      24.48805362707955,
      46.22803841192534,
      32.34726225631494,
      24.46641111643169,
      44.07000669190433,
      36.86136168406839,
      63.80767854758422,
      46.84294574617371,
      69.39692681726203,
      71.56620267915736,
      19.265396934955852,
      32.347888969354294,
      72.52188459617574,
      50.297413408771206,
      22.184220028153227,
      36.01828518391383,
      52.120133725277476,
      47.27947515706885,
      56.38248014997674,
      66.53532785825705,
      68.45660612331778,
      13.864850805167505,
      33.95185982663047,
      48.17834459708971,
      54.09052147323582,
      69.64659584751422,
      43.38490002563346,
      65.36977720289808,
      41.41077614154391
    ],
    [
      12.127641400367835,
      24.86879721353074,
      18.506786674119223,
      26.249559836678245,
      0.0,
      34.7668776927284,
      26.024814415843963,
      17.9718417024422,
      25.765958440667166,
      16.432513937794894,
      6.345229758738323,
      19.90146523397462,
      25.72433874342838,
      21.23570953459187,
      9.817533677791602,
      30.400324672287702,
      27.558031330062242,
      16.27803425089056,
      26.23444247376442,
      22.03383954348415,
      29.22120239014721,
      11.64630469115532,
      26.330019545729165,
      23.84263878855307,
      23.328025518574982,
      31.254220804632705,
      5.851239537606934,
      13.96180500421285,
      10.851306870953538,
      6.2791527661396795,
      26.482594751632263,
      22.564892923218494,
      30.567514085479065,
      7.67665907794215,
      54.617445109824935,
      7.3838917040002485,
      30.622096307331887,
      36.726935578132625,
      45.34528143386824,
      37.85406533651933,
      22.91487011058035,
      45.47181547823002,
      59.43761054841272,
      37.669702104576864,
      58.4920261676615,
      48.882488181206384,
      24.111612847609187,
      47.776659861861404,
      61.663805835047434,
      52.41865886909415,
      21.376700954031765,
      31.051803379779578,
      44.837503435873295,
      42.44177374442235,
      37.441119957953944,
      59.624760015972306,
      23.646662808665656,
      30.102087225606017,
      43.889366399449095,
      21.22919924453606,
      44.53710984871561,
      27.800576032374863
    ],
    [
      23.203329008214133,
      10.411586405457548,
      39.27246184425585,
      33.75735796872888,
      34.7668776927284,
      0.0,
      22.630502263767283,
      17.157133727182856,
      9.725040532026991,
      22.845736968495785,
      29.187593529773267,
      54.610134716819196,
      11.839762450089195,
      18.42529480237231,
      27.457312929525273,
      4.55692193700987,
      35.91968830140962,
      31.620700309151328,
      36.762543910480304,
      56.66202755739544,
      9.36646092161833,
      23.899230440091344,
      36.73038823614987,
      26.056269709083875,
      16.769379141256984,
      65.86295459438588,
      29.240451179782667,
      28.49628244619031,
      31.064584649338368,
      33.85384337644301,
      60.82600805002098,
      56.972255254388266,
      28.72111360835502,
      40.46665084940583,
      20.721779700697585,
      41.49070781803887,
      55.405215385242684,
      13.594157361501038,
      13.062297912459822,
      57.00135788332878,
      55.798698028738244,
      54.354160339578264,
      40.45891650677418,
      53.0225800434109,
      56.48454448329345,
      56.2897716374559,
      51.34601582010692,
      50.824626715328186,
      62.35715121431168,
      18.980104086239024,
      50.89300861063005,
      60.86181591195926,
      47.36233867795092,
      68.35882524422757,
      30.87055758805131,
      60.457309969489984,
      40.07386966554471,
      62.242876692576516,
      60.7576052690623,
      32.658978903702845,
      78.27133016755302,
      19.722764690681203
    ],
    [
      21.46571776309902,
      15.051472852742759,
      19.692978473712206,
      11.249777664532898,
      26.024814415843963,
      22.630502263767283,
      0.0,
      14.556154610064162,
      14.949936062148511,
      9.963688265226674,
      19.95459977549111,
      43.826470468088424,
      11.610256645873282,
      7.466299477104243,
      16.25480816350769,
      18.969036450766193,
      13.352033256901523,
      13.122149720743645,
      14.404138102362294,
      46.165528395583266,
      13.267939986723334,
      22.153839908322634,
      14.354239530617578,
      4.069617598254675,
      7.266371344930981,
      52.259064739406,
      20.76881126447522,
      12.688538274825557,
      30.20386359868439,
      21.257693487121156,
      46.74056316376536,
      47.208158776090045,
      7.086198144508713,
      27.54880140437151,
      35.64090676411192,
      33.24250021408048,
      34.71276945552492,
      33.7291329386329,
      26.07421632503622,
      60.85374055149533,
      48.731743534047,
      63.98694664390529,
      61.43908601038776,
      30.458561530142333,
      37.77961900869095,
      66.82235637461639,
      49.44417824840879,
      29.781595428560934,
      42.72733285118709,
      40.87065159429268,
      47.18773282696013,
      57.038076971882404,
      59.79641391748186,
      67.90735722910486,
      12.611820796840156,
      40.69419726665483,
      44.06298181620662,
      55.997624031027875,
      66.19422869065505,
      38.0747096370175,
      69.36114549009098,
      32.845280282580326
    ],
    [
      8.165063323059313,
      6.9270339732137645,
      23.82962312620208,
      22.44664122736511,
      17.9718417024422,
      17.157133727182856,
      14.556154610064162,
      0.0,
      7.802976860346881,
      7.622107693611096,
      12.087008906602238,
      37.86397025971853,
      8.142605122421413,
      7.097556375581391,
      10.397567555428186,
      12.647455233589362,
      24.61281808091962,
      16.464538610221158,
      24.619496584944958,
      40.00563486060384,
      11.466660457515367,
      8.960107376967501,
      24.637915616206087,
      15.475453392760313,
      8.03533737220823,
      48.782708549775776,
      12.238617492910574,
      12.626402044683765,
      17.424830463797022,
      16.71707522878074,
      43.69250663893131,
      40.49713187206789,
      21.495392018198668,
      23.31097514916453,
      36.64580132775155,
      25.07582307522585,
      39.93113457077467,
      22.927215181884957,
      27.415070703881554,
      47.456277248783444,
      40.1484461719589,
      49.531254375377635,
      49.63932640147808,
      40.58327883230155,
      52.27187192589773,
      52.31088863026839,
      37.97649149594514,
      43.69905314666205,
      57.021345892067515,
      35.67855341708869,
      36.56892582954883,
      46.70162482093627,
      45.25522715946451,
      56.14060313838813,
      27.040758327036354,
      54.96940747721803,
      30.291784157145255,
      47.027930769206456,
      52.451184768403024,
      23.833335884760167,
      62.2895396532453,
      18.972096063326124
    ],
    [
      15.119953555654346,
      1.0,
      29.710631611216325,
      25.380274938005737,
      25.765958440667166,
      9.725040532026991,
      14.949936062148511,
      7.802976860346881,
      0.0,
      13.165303918534272,
      19.864298609177787,
      45.663272307945874,
      3.425757992801684,
      9.145834738793766,
      17.838201606034055,
      5.1838813033902404,
      27.596794971588196,
      22.0635767881866,
      28.151390234217576,
      47.79734190428634,
      4.664572401625023,
      15.89794989593961,
      28.13661622883885,
      17.650860352665397,
      7.972605815075008,
      56.53702909960327,
      20.04046341516974,
      18.804906673974262,
      24.00092624915873,
      24.281644243545056,
      51.401667169107974,
      48.26294971121691,
      21.839884099128007,
      30.981262170743495,
      28.855885790723374,
      32.81014072379624,
      45.89182342991758,
      18.801377132604834,
      19.72569258874468,
      52.69439314220419,
      47.71012993684355,
      52.734812502613345,
      46.49228109919149,
      44.499154183673106,
      51.77096906835044,
      55.17422527644803,
      44.71494747376168,
      44.58356639040588,
      57.13083186729301,
      28.64647206900361,
      43.66547384479142,
      53.78512065584529,
      47.1800543534919,
      62.53094821503241,
      25.765728113228533,
      55.135614319371804,
      35.39520318839245,
      54.471893155199545,
      57.20600828660121,
      28.312337361017395,
      69.96874785375591,
      19.107520467526705
    ],
    [
      12.128797663799267,
      12.617354452033112,
      16.63032068680564,
      15.167294549166893,
      16.432513937794894,
      22.845736968495785,
      9.963688265226674,
      7.622107693611096,
      13.165303918534272,
      0.0,
      10.170475757840604,
      35.29211639559439,
      11.392603544106139,
      5.2525227320997265,
      6.64873208768595,
      18.339283518731726,
      17.266246772059898,
      9.050138624829291,
      17.107702850159523,
      37.580245926577355,
      14.792355862337535,
      12.721051540260769,
      17.13402524629699,
      9.108778008081806,
      7.450896150854246,
      44.95737694538733,
      10.911075199903195,
      5.652036528707747,
      20.391299430934318,
      12.624728657825532,
      39.59554703958766,
      38.42026373493867,
      15.871976756097824,
      19.389038553935396,
      40.378019002404066,
      23.785443815706465,
      32.82544124544481,
      30.391813323167476,
      30.741244552186526,
      51.03945661798372,
      39.333226728452544,
      54.98018951478283,
      57.26080026866643,
      32.9654063950705,
      46.24801738393911,
      57.969782839011245,
      39.50009597349193,
      36.98160812716339,
      50.586910040247645,
      41.80562104000224,
      37.33058314004063,
      47.26052785239226,
      51.56644749809088,
      57.959827399547066,
      22.2972622656323,
      48.52059626658945,
      34.464229755304466,
      46.53442732946619,
      56.49544394268272,
      28.90186064933849,
      60.58732018945746,
      26.373805583124128
    ],
    [
      8.340433383051629,
      19.008212103845256,
      16.701009930244133,
      21.741016041911568,
      6.345229758738323,
      29.187593529773267,
      19.95459977549111,
      12.087008906602238,
      19.864298609177787,
      10.170475757840604,
      0.0,
      25.944736396701344,
      19.537746234807567,
      14.89128831070633,
      3.750684294233708,
      24.71374968571895,
      23.361514814605602,
      12.067606342001433,
      22.370091333728876,
      28.146877555428084,
      23.059566783667336,
      8.249207746430171,
      22.446879207911515,
      18.153051960922284,
      16.984066549225066,
      36.69781326490773,
      1.0122843835336497,
      8.762378221025912,
      12.30161330721149,
      5.399010282684983,
      31.640082547928,
      28.788677005314554,
      25.009290826975782,
      11.372332881919165,
      48.623097570674695,
      13.728631183457724,
      31.256753679209176,
      32.77960687294956,
      39.24301587641638,
      42.15124809937137,
      29.246926289898262,
      48.013421031287635,
      57.27280758784335,
      35.798895920502986,
      54.06013405501076,
      51.25841183737492,
      29.59366505262436,
      43.81170612046204,
      57.69794350582502,
      47.37622134114264,
      27.23356065524204,
      37.109214110395676,
      46.10782471969316,
      48.04859799744745,
      31.782355989251105,
      55.63657389220023,
      26.514051533375948,
      36.40866263796336,
      47.923527718883335,
      22.38574998686208,
      50.838681164380134,
      25.272544507305007
    ],
    [
      31.584005767873307,
      44.76918443455877,
      28.53405602609056,
      40.1018154510672,
      19.90146523397462,
      54.610134716819196,
      43.826470468088424,
      37.86397025971853,
      45.663272307945874,
      35.29211639559439,
      25.944736396701344,
      0.0,
      45.4816396113743,
      40.44161662253097,
      28.78557334002853,
      50.28304981087868,
      40.49772258595761,
      31.42272075002362,
      38.60783007966741,
      2.3531766371984864,
      49.00427703446146,
      30.968878729044025,
      38.73050564114156,
      40.72365453052818,
      42.61731215851081,
      12.765332523028901,
      25.653174809373354,
      31.149718638895262,
      26.14342400181215,
      22.736177027746127,
      10.067959180328439,
      3.883311036356158,
      46.6149567370417,
      16.28927941408033,
      74.50687505766993,
      13.296646462950843,
      30.213923051546292,
      55.18318565312071,
      65.18118813067808,
      36.63948516787308,
      9.556980293263203,
      49.747556032873156,
      74.48724617398487,
      43.05430687485275,
      69.61443336403981,
      53.343794301971734,
      20.39297060025775,
      58.06334277678401,
      71.1694259968683,
      71.83552625042958,
      16.20190086356003,
      20.1085366505236,
      52.91719891441542,
      33.40972115736293,
      53.40828160851552,
      69.29614686482655,
      30.948821572015742,
      15.41406533111144,
      42.904178850274086,
      33.322846699673406,
      25.563109989313787,
      44.903718897413064
    ],
    [
      16.205545919318897,
      3.796727088049931,
      27.505115574336283,
      22.287070382687144,
      25.72433874342838,
      11.839762450089195,
      11.610256645873282,
      8.142605122421413,
      3.425757992801684,
      11.392603544106139,
      19.537746234807567,
      45.4816396113743,
      0.0,
      6.613017280184001,
      16.972621758524014,
      7.633255757270193,
      24.491064443286003,
      19.869243925226353,
      25.161315429811626,
      47.68267244303696,
      3.5350025106941025,
      17.003331374145837,
      25.138777524978092,
      14.533216090920728,
      4.964309846436214,
      55.88189777675998,
      19.882431502630038,
      16.995938793906593,
      25.396398371413255,
      23.41988394296143,
      50.62425519078521,
      48.284885698354955,
      18.43684050247133,
      30.219825204761996,
      29.239113597645833,
      32.979854083951246,
      43.594272607046676,
      22.121516623241774,
      19.738408207989874,
      54.86157047983904,
      48.20589820414273,
      55.57714237213044,
      49.84035214886443,
      41.49903745370056,
      48.36643811949063,
      58.10360106898725,
      46.04653386128601,
      41.17045778286228,
      53.70744748058285,
      30.77022337659811,
      44.706146884656135,
      54.83983135200489,
      50.28851122797761,
      64.11310156084002,
      22.37563711369698,
      51.711122937001015,
      37.57435325912334,
      55.13409283992396,
      59.57399191688146,
      30.686451100406185,
      70.22224525849263,
      22.364577474482644
    ],
    [
      14.433634354586088,
      8.881880206420485,
      20.893584362490184,
      16.483392342720112,
      21.23570953459187,
      18.42529480237231,
      7.466299477104243,
      7.097556375581391,
      9.145834738793766,
      5.2525227320997265,
      14.89128831070633,
      40.44161662253097,
      6.613017280184001,
      0.0,
      11.66805111835719,
      14.08878130178015,
      18.703756473965203,
      13.26435064366585,
      19.106973135391314,
      42.71371367462008,
      9.778499768629569,
      15.172505843635856,
      19.099651013897997,
      8.938049149732006,
      2.199300535056856,
      50.209880957639236,
      15.485383543809892,
      10.593143280508231,
      23.505217455330204,
      17.846498507381625,
      44.84576392088129,
      43.49874841673264,
      14.467105161291963,
      24.629102161180683,
      35.184010494042745,
      28.61956607455334,
      36.98607041455177,
      27.610361572061418,
      25.52689696401622,
      54.00278756646719,
      44.13110082021771,
      56.597582030754886,
      55.08773300997068,
      35.431957331066265,
      45.22666717435393,
      59.39890826739104,
      43.47932901660674,
      36.923567314899636,
      50.08124664735154,
      37.37845152601015,
      41.607529012823704,
      51.65114579988155,
      52.330370178646476,
      61.865787396215715,
      19.95868122979954,
      48.03778313478921,
      37.00410357090801,
      51.265020488117706,
      59.1780548456919,
      30.785520038452855,
      65.63436444597862,
      25.569951514421533
    ],
    [
      9.570877626845935,
      17.06882148247257,
      14.916221181968892,
      18.329368654418104,
      9.817533677791602,
      27.457312929525273,
      16.25480816350769,
      10.397567555428186,
      17.838201606034055,
      6.64873208768595,
      3.750684294233708,
      28.78557334002853,
      16.972621758524014,
      11.66805111835719,
      0.0,
      22.90963042999033,
      20.06703751358844,
      9.060046199347333,
      19.242649818664255,
      31.05010968954532,
      20.502948567845298,
      9.788984711422746,
      19.309224594927535,
      14.406803051916064,
      13.83441593513038,
      38.90943058010227,
      4.663398949691098,
      5.3100279104751325,
      15.557676733483085,
      6.466843628024635,
      33.669326568697,
      31.83352278982907,
      21.27070164070278,
      13.249271318449976,
      46.211002525821804,
      17.14550642307126,
      30.41385699348293,
      32.580775765763164,
      36.68978142430178,
      45.76524014883526,
      32.69301480688897,
      51.13317502658743,
      58.101255803306586,
      33.49641214113189,
      50.55498998368028,
      54.30994883989597,
      33.343895480896066,
      40.491894887227694,
      54.345884377444754,
      46.07599075495345,
      30.95193467023592,
      40.78378978399596,
      48.75971772613971,
      51.79749234457154,
      28.033037000633314,
      52.28004503789507,
      29.852665230382417,
      39.90699689683826,
      51.47225844164428,
      25.240721824160097,
      53.98126074194267,
      26.2416669926152
    ],
    [
      19.087695443399753,
      5.854794557405233,
      34.839557629886386,
      29.875970342509884,
      30.400324672287702,
      4.55692193700987,
      18.969036450766193,
      12.647455233589362,
      5.1838813033902404,
      18.339283518731726,
      24.71374968571895,
      50.28304981087868,
      7.633255757270193,
      14.08878130178015,
      22.90963042999033,
      0.0,
      32.06986303111284,
      27.18696420798104,
      32.78436663295851,
      52.3659497316525,
      5.987675443618891,
      19.816868414449107,
      32.76006451748634,
      22.1259299855912,
      12.594692848369727,
      61.40851846091633,
      24.802278563488503,
      23.98387802986982,
      27.373694802916464,
      29.3179260725891,
      56.338458108724964,
      52.73339617830333,
      25.463619730802332,
      35.9553850228909,
      24.53369977450732,
      37.244704263913896,
      51.003193376595235,
      15.26491515010082,
      15.98886664839175,
      54.56771694857163,
      51.79406525347873,
      53.11057539041139,
      42.89628451802915,
      49.112790517540404,
      54.3547558950426,
      55.28494464615347,
      47.91341869844582,
      47.971785491116805,
      60.0052049686327,
      23.46669851503241,
      47.21852053646967,
      57.26752318518332,
      46.751197854665264,
      65.29780027010231,
      28.415193566675782,
      58.05642785098594,
      37.40541549850824,
      58.37095361536322,
      58.66699487216445,
      30.07165345066761,
      74.20238054589392,
      18.546570080726905
    ],
    [
      28.825767190496936,
      27.48261771081499,
      12.059143878913927,
      2.221489119541481,
      27.558031330062242,
      35.91968830140962,
      13.352033256901523,
      24.61281808091962,
      27.596794971588196,
      17.266246772059898,
      23.361514814605602,
      40.49772258595761,
      24.491064443286003,
      18.703756473965203,
      20.06703751358844,
      32.06986303111284,
      0.0,
      11.377832058379902,
      2.044235578932661,
      42.808450936846256,
      26.55666552310045,
      29.269932727035556,
      1.9211696184986655,
      9.959474777628083,
      19.627712743588145,
      46.01302577894563,
      24.37286249457871,
      14.758274484738756,
      35.592801640066035,
      21.342887214187556,
      40.51515902741286,
      44.28991355227206,
      9.38145812620749,
      25.234487431892344,
      48.00130606540971,
      33.37937997553094,
      23.09996931460043,
      46.29141798657902,
      38.7147062093075,
      65.27999720720855,
      47.56446183181499,
      71.1951686548954,
      73.78439274252916,
      17.1118480769245,
      30.933995449823364,
      74.35168215963178,
      51.48934658143712,
      20.450869414364963,
      34.33771480221114,
      54.20989995042881,
      48.35920323272713,
      57.28579401381446,
      68.49389068274617,
      69.53135202368615,
      14.424623521462927,
      32.277600142254805,
      49.8624762601525,
      54.769448738835464,
      71.1786314668805,
      45.23429847157871,
      65.5765634358756,
      43.565429802439795
    ],
    [
      18.437709843303164,
      21.58482529925479,
      7.653201779293111,
      9.971795596968157,
      16.27803425089056,
      31.620700309151328,
      13.122149720743645,
      16.464538610221158,
      22.0635767881866,
      9.050138624829291,
      12.067606342001433,
      31.42272075002362,
      19.869243925226353,
      13.26435064366585,
      9.060046199347333,
      27.18696420798104,
      11.377832058379902,
      0.0,
      10.302689841262639,
      33.7758877841172,
      22.99134464827361,
      18.74628943456347,
      10.380189592866067,
      9.49298859792307,
      15.188542612263573,
      39.19138959424681,
      13.079208248267044,
      4.081463742939972,
      24.36161449430767,
      10.192639753013527,
      33.658305149149115,
      35.00459813360174,
      15.23215286282921,
      15.2565660771116,
      47.86204538898345,
      22.534246325662647,
      23.82921106326595,
      39.37297580877242,
      38.172315495010224,
      53.906882019947616,
      37.40858328784481,
      60.05798961780346,
      65.94880373555948,
      24.67749093913016,
      42.269441003462425,
      63.27645969891434,
      40.34376049297527,
      31.79337352009924,
      45.69242452348522,
      50.59844046197078,
      37.39062993035871,
      46.65395884634287,
      57.8197405893786,
      58.556594290700446,
      22.09754613510021,
      43.63609687518725,
      38.576205823417034,
      44.70041744177001,
      59.80133293052689,
      34.26782207255598,
      56.963645775796735,
      34.518637094247076
    ],
    [
      28.28593250187723,
      27.969936843540868,
      10.107476788567324,
      3.2705108774142135,
      26.23444247376442,
      36.762543910480304,
      14.404138102362294,
      24.619496584944958,
      28.151390234217576,
      17.107702850159523,
      22.370091333728876,
      38.60783007966741,
      25.161315429811626,
      19.106973135391314,
      19.242649818664255,
      32.78436663295851,
      2.044235578932661,
      10.302689841262639,
      0.0,
      40.90974202335649,
      27.43097487470357,
      28.6837965695763,
      1.0,
      10.707964831205665,
      20.229591996185388,
      43.98263856597388,
      23.381806832611367,
      13.980102315403013,
      34.66016586183744,
      19.974189572928452,
      38.48968904325499,
      42.415426199408884,
      11.162720983162409,
      23.527063873620747,
      49.49854166814297,
      31.82665937196414,
      21.277857376830585,
      46.70725682003536,
      40.1259825895435,
      64.04969031988333,
      45.81027372333131,
      70.34276584143024,
      74.05982230561098,
      16.34895959458586,
      32.33775393430993,
      73.54315590934438,
      50.02709363813413,
      21.563062292407032,
      35.463610692442955,
      55.24398813434718,
      46.81809514986408,
      55.624566462759695,
      67.90086161461946,
      67.97271557684819,
      16.44739537539932,
      33.41574370474079,
      48.877810942665334,
      52.989687900171674,
      70.00501006554813,
      44.48131164853861,
      63.617509233680806,
      43.481503651589364
    ],
    [
      33.563702463153604,
      46.89605628340687,
      30.824757782868176,
      42.4328039205674,
      22.03383954348415,
      56.66202755739544,
      46.165528395583266,
      40.00563486060384,
      47.79734190428634,
      37.580245926577355,
      28.146877555428084,
      2.3531766371984864,
      47.68267244303696,
      42.71371367462008,
      31.05010968954532,
      52.3659497316525,
      42.808450936846256,
      33.7758877841172,
      40.90974202335649,
      0.0,
      51.19964068728423,
      32.92877686488861,
      41.03273049934123,
      43.074033690269026,
      44.88449480251545,
      11.809180114808077,
      27.824126226974528,
      33.48518822463677,
      27.748391603643324,
      25.04812912666858,
      10.171353502173128,
      1.987616566754833,
      48.96700387333856,
      18.63545055065915,
      76.65091029884606,
      15.218697321953572,
      31.90456545384643,
      56.8959984307533,
      67.3606984444181,
      36.12949252869894,
      8.542315107537016,
      49.701198625523304,
      75.62106963064055,
      45.01140310124252,
      71.7941242169916,
      53.28261934026128,
      20.1218527185878,
      60.2269406216212,
      73.260288169769,
      73.7234620775002,
      16.036408404377443,
      18.743929759590348,
      53.28963780478008,
      31.9822060669977,
      55.75777134255971,
      71.40036543771966,
      31.5914050177893,
      13.614748005546717,
      42.31857232014581,
      34.43147073441204,
      23.213592220947998,
      46.45505187915892
    ],
    [
      19.342893865202115,
      5.544291994077913,
      30.574022689046714,
      24.40021531856577,
      29.22120239014721,
      9.36646092161833,
      13.267939986723334,
      11.466660457515367,
      4.664572401625023,
      14.792355862337535,
      23.059566783667336,
      49.00427703446146,
      3.5350025106941025,
      9.778499768629569,
      20.502948567845298,
      5.987675443618891,
      26.55666552310045,
      22.99134464827361,
      27.43097487470357,
      51.19964068728423,
      0.0,
      20.13588088584377,
      27.39581109434629,
      16.723973791505824,
      7.809771386627743,
      59.41089706555028,
      23.387135364616825,
      20.331441930931017,
      28.4118047630769,
      26.944623593890263,
      54.14473783509117,
      51.78568770263605,
      19.540888881393144,
      33.74775245987672,
      25.713463770328833,
      36.448693532813714,
      46.54711075248645,
      21.23599062241395,
      16.203700639100806,
      57.35204108611522,
      51.609908629181234,
      57.272500525928585,
      48.883932473189276,
      43.66348198401925,
      48.449837927735764,
      59.65520587320532,
      49.118854393703316,
      41.98790043968476,
      54.048508822472854,
      27.948061302278983,
      47.91719797553775,
      58.050302566038745,
      51.499855929807396,
      67.04842613955897,
      22.468338720621386,
      52.09273115636301,
      40.05128398361715,
      58.49234741490248,
      61.8692419882978,
      32.976836107433705,
      73.68963855304995,
      23.286128755937973
    ],
    [
      1.0,
      14.941323986631504,
      24.56491753024268,
      27.340629644239474,
      11.64630469115532,
      23.899230440091344,
      22.153839908322634,
      8.960107376967501,
      15.89794989593961,
      12.721051540260769,
      8.249207746430171,
      30.968878729044025,
      17.003331374145837,
      15.172505843635856,
      9.788984711422746,
      19.816868414449107,
      29.269932727035556,
      18.74628943456347,
      28.6837965695763,
      32.92877686488861,
      20.13588088584377,
      0.0,
      28.738189883270326,
      21.829142473287128,
      16.644630484764456,
      42.787646531631175,
      7.615030294139844,
      14.764647737578368,
      8.47448224674843,
      13.590066442445698,
      38.112160125930764,
      33.13568474473896,
      28.538353537189778,
      18.740227089998523,
      44.34885138574017,
      17.710161641751082,
      39.493337603552526,
      25.130941532414408,
      35.53127148951746,
      38.83065860714697,
      31.978468828833627,
      42.27394633350167,
      49.02868053992173,
      43.28492103777392,
      58.95202836407495,
      45.29822450799917,
      29.04408587617872,
      49.457009465211684,
      63.17482348803327,
      40.914993855609445,
      27.791031287146,
      37.92089520789883,
      39.230333587550746,
      47.18054569523311,
      34.745324688708436,
      61.1061299417061,
      21.909968187436167,
      38.62038932234254,
      44.05765212975865,
      16.189077273452316,
      54.39648673850172,
      17.030036426170003
    ],
    [
      28.337570298383117,
      27.959347973208768,
      10.231703244957632,
      3.1962984300558843,
      26.330019545729165,
      36.73038823614987,
      14.354239530617578,
      24.637915616206087,
      28.13661622883885,
      17.13402524629699,
      22.446879207911515,
      38.73050564114156,
      25.138777524978092,
      19.099651013897997,
      19.309224594927535,
      32.76006451748634,
      1.9211696184986655,
      10.380189592866067,
      1.0,
      41.03273049934123,
      27.39581109434629,
      28.738189883270326,
      0.0,
      10.674482044014885,
      20.210243278015163,
      44.10778822681672,
      23.458732109576662,
      14.042146234647692,
      34.73496483812814,
      20.071507555245624,
      38.61499008533581,
      42.537584176788904,
      11.063531929173516,
      23.64187427298103,
      49.42307505946236,
      31.93438571017621,
      21.375443200206167,
      46.70282137074077,
      40.05621567541316,
      64.1417113891593,
      45.92767156052568,
      70.4143606489633,
      74.06504425390541,
      16.36637351354445,
      32.23435689581396,
      73.61235467718521,
      50.130811438421404,
      21.472784930189363,
      35.37396845888947,
      55.2002943233741,
      46.92565418065318,
      55.73793472447158,
      67.95772563990278,
      68.08138679060636,
      16.328567465260306,
      33.325357777011526,
      48.95620665265515,
      53.10822630471432,
      70.09411952923607,
      44.54654356960955,
      63.7422848241042,
      43.507488010500275
    ],
