{
  "name": "r-n41-k10",
  "n": 42,
  "m": 10,
  "prob_compat": 0.3,
  "layout": "R",
  "coords": [
    [
      50.0,
      50.0
    ],
    [
      44.845701791052846,
      94.71637142340875
    ],
    [
      47.4473327007585,
      76.82329776490684
    ],
    [
      79.09022849995179,
      93.41011557883179
    ],
    [
      25.405773300282785,
      79.59208427423154
    ],
    [
      57.461634007680665,
      13.897699698571275
    ],
    [
      75.53547427050607,
      18.789952115089335
    ],
    [
      81.98440346972966,
      14.604080121559615
    ],
    [
      65.78218088820383,
      71.35759691642751
    ],
    [
      34.381695481158424,
      42.35236706905631
    ],
    [
      96.54349761532077,
      20.63938731856817
    ],
    [
      79.53744821842736,
      85.03492401027827
    ],
    [
      60.42992669027408,
      59.33174766742607
    ],
    [
      44.27644028798655,
      95.74499135261276
    ],
    [
      70.42921635012583,
      94.8154726813358
    ],
    [
      73.06295405426832,
      91.14341659705278
    ],
    [
      48.224015306352996,
      88.10594686346306
    ],
    [
      58.2469507512699,
      98.48528559208854
    ],
    [
      21.921032317391663,
      12.261975022130557
    ],
    [
      45.335168703173714,
      5.278580143400657
    ],
    [
      51.21839804848728,
      19.678273344847174
    ],
    [
      46.812234533344935,
      89.2298348569244
    ],
    [
      82.13491220584125,
      28.30769278647032
    ],
    [
      64.2639248860819,
      30.013245932929777
    ],
    [
      56.72657832583072,
      0.34785344653865957
    ],
    [
      11.632075190364466,
      10.8095639384446
    ],
    [
      51.467512856738686,
      22.160328334116663
    ],
    [
      19.63979791227616,
      1.1908590289176013
    ],
    [
      93.13096331703527,
      12.35803812671148
    ],
    [
      14.745071266017495,
      13.395528725246663
    ],
    [
      90.50317172497803,
      24.413822257559914
    ],
    [
      79.32806433675961,
      8.827920926010325
    ],
    [
      80.90795542264364,
      56.74497746156937
    ],
    [
      84.59768111655569,
      64.12432054314235
    ],
    [
      78.80378512736253,
      22.05669403389313
    ],
    [
      0.641948313589169,
      31.851269341820455
    ],
    [
      33.09807764672258,
      84.78962631348045
    ],
    [
      15.206720224376259,
      28.585992351586487
    ],
    [
      53.72285246183365,
      40.97584552155602
    ],
    [
      74.39682916280364,
      79.79876056351091
    ],
    [
      14.442019635602243,
      18.926342605113067
    ],
    [
      22.76242139176502,
      1.1124303118012935
    ]
  ],
  "c": [
    [
      0.0,
      45.01245009220229,
      26.94448762410362,
      52.255904247720586,
      38.47814234926505,
      36.86532339637233,
      40.32527166924104,
      47.70611291391728,
      26.556057305868656,
      17.39016174420818,
      55.03038022125984,
      45.82473947184261,
      13.99517364283143,
      46.10166341497451,
      49.25220271553146,
      47.166519682799674,
      38.14731062595552,
      49.18165425888255,
      47.038143621440476,
      44.964052809083924,
      30.34619582673194,
      39.35913860302279,
      38.77123643531731,
      24.554630750498664,
      50.10571338021183,
      54.84512679256661,
      27.87832334357432,
      57.48107613069214,
      57.24681030699919,
      50.82122900267591,
      47.90782202574854,
      50.54973247224925,
      31.63536674933934,
      37.36971995410599,
      40.130865751672175,
      52.58891224185521,
      38.678069732961475,
      40.85501243557687,
      9.761915514047509,
      38.511964430816555,
      47.22226330333721,
      55.963203611464785
    ],
    [
      45.01245009220229,
      0.0,
      18.08122142829158,
      34.26943118652518,
      24.630365029715257,
      81.79742933039884,
      81.89434219665814,
      88.3021085819024,
      31.368272242083023,
      53.39929194358434,
      90.33305965789323,
      36.01732491724591,
      38.664449615402006,
      1.1756349848609318,
      25.583706499520783,
      28.442561971051745,
      7.423659142928961,
      13.921141752909278,
      85.58193709174694,
      89.4391306247123,
      75.30821615758366,
      5.828321758609135,
      76.16165578335679,
      67.55414003897162,
      95.11347124558901,
      90.24132830521053,
      72.8575855389461,
      96.86257821779392,
      95.46916540979288,
      86.71290224149986,
      83.82751922837676,
      92.55192734663942,
      52.36709746008838,
      50.16067620513118,
      80.20336739953156,
      76.85045791161494,
      15.380082623768205,
      72.46858812266666,
      54.468779390027166,
      33.102934049850944,
      81.66095980875902,
      96.17364017660373
    ],
    [
      26.94448762410362,
      18.08122142829158,
      0.0,
      35.726676024379074,
      22.214781555057385,
      63.717478941589,
      64.47335034069017,
      71.1620706658479,
      19.132186070121072,
      36.864019571830866,
      74.61276836011447,
      33.12410481101345,
      21.783068459454594,
      19.185542653790275,
      29.18707478142393,
      29.346649905792805,
      11.309350403581302,
      24.204823210713602,
      69.42446546829724,
      71.57588879150401,
      57.26931770002203,
      12.422781987053446,
      59.640523961021096,
      49.73910659873033,
      77.03634196314265,
      75.1035666546326,
      54.810601852908334,
      80.58240986819531,
      79.01116254368341,
      71.36189311036124,
      67.82741626388774,
      75.09828440856866,
      39.02245788183709,
      39.26082538477787,
      63.10790753155872,
      64.90937796742135,
      16.412297558525875,
      58.019778751648126,
      36.392608873382,
      27.113257613640975,
      66.64389024737486,
      79.63341193766968
    ],
    [
      52.255904247720586,
      34.26943118652518,
      35.726676024379074,
      0.0,
      55.43427386752875,
      82.40157995346088,
      74.70478614511528,
      78.85916226570333,
      25.756896369559744,
      67.86565116154134,
      74.83445392559916,
      8.387123421445716,
      38.85282516282939,
      34.891997571743566,
      8.774289717406843,
      6.43940692281417,
      31.31864177568671,
      21.452262770443546,
      99.26397991200125,
      94.37463430440786,
      78.8240032726858,
      32.54755968459478,
      65.17358017098873,
      65.10746777252318,
      95.71163713096807,
      106.64639505973027,
      76.41692614809222,
      109.72121479312435,
      82.25923348480808,
      102.6773264592025,
      69.93385278341712,
      84.58252903627942,
      36.71016867740339,
      29.799158128989983,
      71.35399649616984,
      99.71772266869145,
      46.79306332438848,
      91.01246937522689,
      58.2482312478123,
      14.397811732726735,
      98.62668678288365,
      108.12809329341249
    ],
    [
      38.47814234926505,
      24.630365029715257,
      22.214781555057385,
      55.43427386752875,
      0.0,
      73.09808732427166,
      78.80283113227468,
      86.1660146206075,
      41.207536589218265,
      38.30618378954708,
      92.3904556708572,
      54.40462051917991,
      40.46198907748729,
      24.839856675182947,
      47.52748655942176,
      49.03713037944108,
      24.354835750542502,
      37.887939933497286,
      67.42022716972774,
      76.93944175341922,
      65.23769107252062,
      23.476005171595727,
      76.47407411166284,
      62.99219916734036,
      85.20939471044879,
      70.14805673264307,
      63.06838240412908,
      78.61296707376938,
      95.43122300469635,
      67.0494931704426,
      85.33646278610323,
      88.96729896426126,
      60.0206840185357,
      61.17951998643784,
      78.49629798400034,
      53.78133912782682,
      9.283640956436022,
      52.0157869965117,
      47.88601954271389,
      48.991491808406785,
      61.64848827573969,
      78.52415803671542
    ],
    [
      36.86532339637233,
      81.79742933039884,
      63.717478941589,
      82.40157995346088,
      73.09808732427166,
      0.0,
      18.724257943989546,
      24.532941026113924,
      58.05920502967283,
      36.63811754925451,
      39.659077334348105,
      74.48386574179352,
      45.530906824768344,
      82.90252399370956,
      81.95025427842377,
      78.80546913987892,
      74.78099722895375,
      84.59123128126771,
      35.578223167056706,
      14.877512651237618,
      8.50840918869002,
      76.08114284551965,
      28.57303900247792,
      17.492340941855872,
      13.569769353572013,
      45.93348499583738,
      10.207865611434382,
      39.89931184157952,
      35.70254348271345,
      42.71951437164163,
      34.67466003292973,
      22.446457006377937,
      48.84280089832341,
      57.088339388699914,
      22.848558006560328,
      59.58865114525034,
      74.96164444385708,
      44.73503861510694,
      27.33504103999832,
      68.04227111190939,
      43.312520940299116,
      36.97970347983873
    ],
    [
      40.32527166924104,
      81.89434219665814,
      64.47335034069017,
      74.70478614511528,
      78.80283113227468,
      18.724257943989546,
      0.0,
      7.688316601364373,
      53.46479226332893,
      47.42173454340833,
      21.08927346847554,
      66.36574490559278,
      43.26447450629816,
      83.06145477638276,
      76.19680864260793,
      72.39569862058416,
      74.50250276807613,
      81.54899891160709,
      54.01039595179866,
      33.08497587905393,
      24.33329633639286,
      76.07102984501988,
      11.581881045408847,
      15.906292768809724,
      26.341707802611875,
      64.3997749176639,
      24.302802358419093,
      58.600808125824685,
      18.734213416645485,
      61.0292790483143,
      15.989367794505775,
      10.659540554021453,
      38.333373224672194,
      46.2312508341602,
      4.620980266254738,
      76.02393200799791,
      78.46585006547807,
      61.118908441443025,
      31.112768060898627,
      61.01943314205312,
      61.09360687987591,
      55.65509758546941
    ],
    [
      47.70611291391728,
      88.3021085819024,
      71.1620706658479,
      78.85916226570333,
      86.1660146206075,
      24.532941026113924,
      7.688316601364373,
      0.0,
      59.020959710654125,
      55.09977528416789,
      15.760461773134974,
      70.47333794335935,
      49.650374755178284,
      89.47478953717264,
      81.0394338933064,
      77.0575258348034,
      80.88441273500348,
      87.17524472434938,
      60.10901771348688,
      37.81707760809626,
      31.18163764857729,
      82.49899840308612,
      13.704439169464285,
      23.483137614803905,
      29.003408937732686,
      70.45458428939517,
      31.438471650750262,
      63.771187398342825,
      11.370598096502535,
      67.2501925029118,
      12.992322862423299,
      6.357684534614523,
      42.154643504830126,
      49.58914630713818,
      8.102949288136342,
      83.15083010306155,
      85.53293954221064,
      68.22574916572867,
      38.65469280287137,
      65.63472893058423,
      67.68054053399196,
      60.73934289924379
    ],
    [
      26.556057305868656,
      31.368272242083023,
      19.132186070121072,
      25.756896369559744,
      41.207536589218265,
      58.05920502967283,
      53.46479226332893,
      59.020959710654125,
      0.0,
      42.746857689155405,
      59.31774938075783,
      19.397851833594846,
      13.16311798773243,
      32.51525620612442,
      23.91373818511511,
      21.08289160266928,
      24.265127334264225,
      28.15477199517242,
      73.59410901033158,
      69.17020142362414,
      53.69223645387219,
      26.06291913251393,
      46.051124493820396,
      41.37221845072644,
      71.58482803937633,
      81.22990979060657,
      51.237495614160146,
      83.97910819049996,
      65.03002258742279,
      77.22944974286793,
      53.05511631477603,
      63.98008547875201,
      21.03135047017206,
      20.157959617367887,
      50.9915797165999,
      76.18398662650208,
      35.33652527376029,
      66.23660150105454,
      32.687585103749036,
      12.060904137414736,
      73.38152755360754,
      82.3716160970703
    ],
    [
      17.39016174420818,
      53.39929194358434,
      36.864019571830866,
      67.86565116154134,
      38.30618378954708,
      36.63811754925451,
      47.42173454340833,
      55.09977528416789,
      42.746857689155405,
      0.0,
      65.8448413637079,
      62.13567954331896,
      31.09356387788062,
      54.301733882789364,
      63.65376038604344,
      62.26400468041862,
      47.80167237813046,
      60.9955322218026,
      32.56838681940735,
      38.65804253495411,
      28.24161963405991,
      48.49758022139398,
      49.77572283009519,
      32.32957693228412,
      47.578072197246506,
      38.89079136134712,
      26.450776617426254,
      43.72177132813606,
      65.9631430418016,
      34.987076148717875,
      58.91868537009013,
      56.07195878959239,
      48.70154102339398,
      54.732651784946356,
      48.83888197415706,
      35.3361513525236,
      42.456667873531295,
      23.604930606972783,
      19.390079033409187,
      54.803679705850676,
      30.76311582091651,
      42.845535521298395
    ],
    [
      55.03038022125984,
      90.33305965789323,
      74.61276836011447,
      74.83445392559916,
      92.3904556708572,
      39.659077334348105,
      21.08927346847554,
      15.760461773134974,
      59.31774938075783,
      65.8448413637079,
      0.0,
      66.60323462042186,
      52.92720240409698,
      91.50244280333469,
      78.63871391205672,
      74.31119747671879,
      82.98499278442759,
      86.75603367905732,
      75.09123360236624,
      53.4625789412306,
      45.33528858200697,
      84.7221814003906,
      16.322078368005844,
      33.61309329568262,
      44.68929859133488,
      85.47850657278588,
      45.101637038235125,
      79.32480243057277,
      8.956904307540658,
      82.11854869968435,
      7.12263265725718,
      20.877784396604795,
      39.34569632416451,
      45.09591943145015,
      17.79623998154461,
      96.55471742476276,
      90.22513218663724,
      81.72404718254509,
      47.40442156173549,
      63.168871814210554,
      82.11934734667894,
      76.3213551940102
    ],
    [
      45.82473947184261,
      36.01732491724591,
      33.12410481101345,
      8.387123421445716,
      54.40462051917991,
      74.48386574179352,
      66.36574490559278,
      70.47333794335935,
      19.397851833594846,
      62.13567954331896,
      66.60323462042186,
      0.0,
      32.027342272823674,
      36.85165156065531,
      13.364842687950683,
      8.90127835563008,
      31.46366574485187,
      25.183278362446693,
      92.82000584848434,
      86.78058717853415,
      71.2282274714932,
      32.992982401498885,
      56.78666728630308,
      57.10223790212669,
      87.70539154421913,
      100.60091333518663,
      68.85590789939656,
      103.04152437147175,
      73.9372260398581,
      96.5932454571653,
      61.604911084551944,
      76.20729073189473,
      28.32312422254324,
      21.514164969691418,
      62.98250322501994,
      95.14725970372504,
      46.44001841145386,
      85.58577247213609,
      51.064623286104194,
      7.337804298037959,
      92.77801117605961,
      101.32318895366025
    ],
    [
      13.99517364283143,
      38.664449615402006,
      21.783068459454594,
      38.85282516282939,
      40.46198907748729,
      45.530906824768344,
      43.26447450629816,
      49.650374755178284,
      13.16311798773243,
      31.09356387788062,
      52.92720240409698,
      32.027342272823674,
      0.0,
      39.83540433616403,
      36.865709467801935,
      34.22828743112346,
      31.25602041343955,
      39.21434579293978,
      60.815281325515755,
      56.12126725288272,
      40.709339048551044,
      32.8532670715065,
      37.86288918568596,
      29.56812618549102,
      59.10003863424508,
      68.81593292861956,
      38.23662219621753,
      71.02251429934805,
      57.23536655320902,
      64.78612680072075,
      46.08320281671319,
      53.92379921734423,
      20.640761634728044,
      24.638366601260437,
      41.55752997049901,
      65.80105658251259,
      37.35148668121148,
      54.68491449201233,
      19.542875640359753,
      24.778478193094415,
      61.216699956129005,
      69.34212189404187
    ],
    [
      46.10166341497451,
      1.1756349848609318,
      19.185542653790275,
      34.891997571743566,
      24.839856675182947,
      82.90252399370956,
      83.06145477638276,
      89.47478953717264,
      32.51525620612442,
      54.301733882789364,
      91.50244280333469,
      36.85165156065531,
      39.83540433616403,
      0.0,
      26.169289266555513,
      29.151978750118086,
      8.598741142332358,
      14.236726278313201,
      86.42440790174552,
      90.47260614645397,
      76.38282769066295,
      6.991245712897159,
      77.33726872507219,
      68.70343438633263,
      96.20613212177223,
      90.99275467120597,
      73.93520241559284,
      97.71104383351711,
      96.64444313407004,
      87.48448863271523,
      85.00027284553126,
      93.71869333275775,
      53.50578458972626,
      51.24128496043366,
      81.37630308258791,
      77.37167829545999,
      15.651703245341972,
      73.1804603114555,
      55.57781965876105,
      34.08108129665936,
      82.40872193557641,
      97.04728032361281
    ],
    [
      49.25220271553146,
      25.583706499520783,
      29.18707478142393,
      8.774289717406843,
      47.52748655942176,
      81.95025427842377,
      76.19680864260793,
      81.0394338933064,
      23.91373818511511,
      63.65376038604344,
      78.63871391205672,
      13.364842687950683,
      36.865709467801935,
      26.169289266555513,
      0.0,
      4.5189124997439105,
      23.19673878145527,
      12.723015441356505,
      95.7503205943563,
      92.98691495397215,
      77.55420210375321,
      24.26852241154485,
      67.53005332450424,
      65.09484933839576,
      95.45623799791962,
      102.53826852585267,
      75.08872218573426,
      106.51353579155824,
      85.52542211927245,
      98.6404140682749,
      73.20762301006025,
      86.44679607923011,
      39.48628342637694,
      33.80373076166744,
      73.23915122714237,
      93.99337041612694,
      38.653997364885434,
      86.23148000067654,
      56.3720502294544,
      15.53201835760421,
      94.30655470155092,
      105.13031670697654
    ],
    [
      47.166519682799674,
      28.442561971051745,
      29.346649905792805,
      6.43940692281417,
      49.03713037944108,
      78.80546913987892,
      72.39569862058416,
      77.0575258348034,
      21.08289160266928,
      62.26400468041862,
      74.31119747671879,
      8.90127835563008,
      34.22828743112346,
      29.151978750118086,
      4.5189124997439105,
      0.0,
      25.023970518388218,
      16.535325645862784,
      94.00945688535109,
      90.23081635277829,
      74.72918658160259,
      26.32037367596328,
      63.48723187778539,
      61.76018684984202,
      92.25351733001665,
      101.13001908912406,
      72.28436585326038,
      104.62072560071617,
      81.3010507711027,
      97.18904013020757,
      68.97100806219242,
      82.55357311722605,
      35.2816760008275,
      29.378248415654447,
      69.32483231807197,
      93.59679908323594,
      40.4668011737773,
      85.21018202777412,
      53.76639021936207,
      11.422803654293809,
      93.01462104462311,
      103.12963724180699
    ],
    [
      38.14731062595552,
      7.423659142928961,
      11.309350403581302,
      31.31864177568671,
      24.354835750542502,
      74.78099722895375,
      74.50250276807613,
      80.88441273500348,
      24.265127334264225,
      47.80167237813046,
      82.98499278442759,
      31.46366574485187,
      31.25602041343955,
      8.598741142332358,
      23.19673878145527,
      25.023970518388218,
      0.0,
      14.428787453438924,
      80.27549426061746,
      82.87772989456457,
      68.493159010055,
      1.8045080140807885,
      68.74430972221847,
      60.266413537975374,
      88.1690225536941,
      85.5201782899403,
      66.02533513415463,
      91.49475382402314,
      88.05895557877896,
      81.86871363618125,
      76.44745780131905,
      85.16141886221347,
      45.296250875230115,
      43.56790063154074,
      72.7847932033222,
      73.67931760248507,
      15.485217856822764,
      68.06443094323336,
      47.449801501807386,
      27.4595252942677,
      76.987277369969,
      90.64306198874591
    ],
    [
      49.18165425888255,
      13.921141752909278,
      24.204823210713602,
      21.452262770443546,
      37.887939933497286,
      84.59123128126771,
      81.54899891160709,
      87.17524472434938,
      28.15477199517242,
      60.9955322218026,
      86.75603367905732,
      25.183278362446693,
      39.21434579293978,
      14.236726278313201,
      12.723015441356505,
      16.535325645862784,
      14.428787453438924,
      0.0,
      93.56298218691089,
      94.09678026508666,
      79.11981883468039,
      14.711087767243004,
      74.1318368479174,
      68.73590177501426,
      98.14920845546561,
      99.29742590342384,
      76.62545189815874,
      104.67434112804192,
      92.92360888735853,
      95.56505764351157,
      80.79013226887989,
      92.10242336046566,
      47.494994005123395,
      43.30169638569483,
      79.14488642442772,
      88.0819415515246,
      28.636286447518774,
      82.08759126280808,
      57.68711435458228,
      24.698275048087506,
      90.82123870138088,
      103.63698552785742
    ],
    [
      47.038143621440476,
      85.58193709174694,
      69.42446546829724,
      99.26397991200125,
      67.42022716972774,
      35.578223167056706,
      54.01039595179866,
      60.10901771348688,
      73.59410901033158,
      32.56838681940735,
      75.09123360236624,
      92.82000584848434,
      60.815281325515755,
      86.42440790174552,
      95.7503205943563,
      94.00945688535109,
      80.27549426061746,
      93.56298218691089,
      0.0,
      24.43337035130999,
      30.221467859670636,
      80.89266589316951,
      62.315137725864666,
      45.91326790844047,
      36.78820906028931,
      10.390964186148347,
      31.160422181846616,
      11.303700267888317,
      71.20999579479039,
      7.264940537174912,
      69.65039294185513,
      57.5096518230446,
      73.87959531191294,
      81.35149161284359,
      57.71987601996068,
      28.922998945204803,
      73.38383026344133,
      17.650935631144044,
      42.84672827133026,
      85.52734449182526,
      10.017456063066867,
      11.181246926085931
    ],
    [
      44.964052809083924,
      89.4391306247123,
      71.57588879150401,
      94.37463430440786,
      76.93944175341922,
      14.877512651237618,
      33.08497587905393,
      37.81707760809626,
      69.17020142362414,
      38.65804253495411,
      53.4625789412306,
      86.78058717853415,
      56.12126725288272,
      90.47260614645397,
      92.98691495397215,
      90.23081635277829,
      82.87772989456457,
      94.09678026508666,
      24.43337035130999,
      0.0,
      15.555177653287787,
      83.96424769770525,
      43.4115324653405,
      31.1464524842186,
      12.412746632003342,
      34.153920625225496,
      17.961043031864982,
      26.018484659785663,
      48.31725062654021,
      31.64867952213873,
      49.05411285249401,
      34.17769409347213,
      62.5636732289633,
      70.74154397668151,
      37.438661715822825,
      51.99607446748064,
      80.44720542433053,
      38.0914540491938,
      36.66944224165043,
      79.9864825987279,
      33.77348189811821,
      22.95399149612206
    ],
    [
      30.34619582673194,
      75.30821615758366,
      57.26931770002203,
      78.8240032726858,
      65.23769107252062,
      8.50840918869002,
      24.33329633639286,
      31.18163764857729,
      53.69223645387219,
      28.24161963405991,
      45.33528858200697,
      71.2282274714932,
      40.709339048551044,
      76.38282769066295,
      77.55420210375321,
      74.72918658160259,
      68.493159010055,
      79.11981883468039,
      30.221467859670636,
      15.555177653287787,
      0.0,
      69.69098927185948,
      32.09825116016964,
      16.6432397347037,
      20.099880184036845,
      40.56760978863249,
      2.4945250364443528,
      36.592246100117315,
      42.547020706967594,
      37.010491033434654,
      39.56916560047476,
      30.131104965649577,
      47.4911609791754,
      55.58441912704783,
      27.687731313082686,
      52.02075642788177,
      67.58575513278342,
      37.097013324667984,
      21.444320286049003,
      64.43378502253782,
      36.78406460690653,
      33.976950054641755
    ],
    [
      39.35913860302279,
      5.828321758609135,
      12.422781987053446,
      32.54755968459478,
      23.476005171595727,
      76.08114284551965,
      76.07102984501988,
      82.49899840308612,
      26.06291913251393,
      48.49758022139398,
      84.7221814003906,
      32.992982401498885,
      32.8532670715065,
      6.991245712897159,
      24.26852241154485,
      26.32037367596328,
      1.8045080140807885,
      14.711087767243004,
      80.89266589316951,
      83.96424769770525,
      69.69098927185948,
      0.0,
      70.42158016125214,
      61.73464100455412,
      89.4332199592062,
      85.9498836667349,
      67.23087327620554,
      92.1368687158966,
      89.7479680475733,
      82.33556307262646,
      78.16657522217668,
      86.72800557812191,
      47.09335561369048,
      45.365480516050845,
      74.40221876691835,
      73.6477773607951,
      14.415045994382535,
      68.3855552623992,
      48.746324240207024,
      29.152273036582358,
      77.39775084152342,
      91.34040998328064
    ],
    [
      38.77123643531731,
      76.16165578335679,
      59.640523961021096,
      65.17358017098873,
      76.47407411166284,
      28.57303900247792,
      11.581881045408847,
      13.704439169464285,
      46.051124493820396,
      49.77572283009519,
      16.322078368005844,
      56.78666728630308,
      37.86288918568596,
      77.33726872507219,
      67.53005332450424,
      63.48723187778539,
      68.74430972221847,
      74.1318368479174,
      62.315137725864666,
      43.4115324653405,
      32.09825116016964,
      70.42158016125214,
      0.0,
      17.952189262549492,
      37.78010119722922,
      72.64182363083263,
      31.2774594963753,
      68.12460630051754,
      19.372780487208285,
      69.02002100031262,
      9.229842635470034,
      19.68095289094858,
      28.463741543241603,
      35.901198511576055,
      7.083176760302944,
      81.56997056973557,
      74.79852912008342,
      66.92877058900588,
      31.10831452548525,
      52.06926146970719,
      68.33986710369848,
      65.30447891633243
    ],
    [
      24.554630750498664,
      67.55414003897162,
      49.73910659873033,
      65.10746777252318,
      62.99219916734036,
      17.492340941855872,
      15.906292768809724,
      23.483137614803905,
      41.37221845072644,
      32.32957693228412,
      33.61309329568262,
      57.10223790212669,
      29.56812618549102,
      68.70343438633263,
      65.09484933839576,
      61.76018684984202,
      60.266413537975374,
      68.73590177501426,
      45.91326790844047,
      31.1464524842186,
      16.6432397347037,
      61.73464100455412,
      17.952189262549492,
      0.0,
      30.607958189676108,
      56.02582444317893,
      15.013876103074393,
      53.12290179403709,
      33.838029943465834,
      52.23279993490577,
      26.83005069262474,
      25.995120562103022,
      31.4898272942432,
      39.71179992777739,
      16.57450614522306,
      63.6485210593494,
      63.021915884411655,
      49.0779622845726,
      15.208313436860612,
      50.80623205978784,
      51.04058843888974,
      50.57303565987769
    ],
    [
      50.10571338021183,
      95.11347124558901,
      77.03634196314265,
      95.71163713096807,
      85.20939471044879,
      13.569769353572013,
      26.341707802611875,
      29.003408937732686,
      71.58482803937633,
      47.578072197246506,
      44.68929859133488,
      87.70539154421913,
      59.10003863424508,
      96.20613212177223,
      95.45623799791962,
      92.25351733001665,
      88.1690225536941,
      98.14920845546561,
      36.78820906028931,
      12.412746632003342,
      20.099880184036845,
      89.4332199592062,
      37.78010119722922,
      30.607958189676108,
      0.0,
      46.29213323504363,
      22.43750945023572,
      37.09636019685943,
      38.334368165390394,
      43.96235622884374,
      41.47323373531861,
      24.13998165613651,
      61.36264821098436,
      69.6005468807202,
      30.96250667831613,
      64.3269067862051,
      87.68534113097127,
      50.21245966476537,
      40.7388771214146,
      81.39216428103687,
      46.18597366130375,
      33.97276164848448
    ],
    [
      54.84512679256661,
      90.24132830521053,
      75.1035666546326,
      106.64639505973027,
      70.14805673264307,
      45.93348499583738,
      64.3997749176639,
      70.45458428939517,
      81.22990979060657,
      38.89079136134712,
      85.47850657278588,
      100.60091333518663,
      68.81593292861956,
      90.99275467120597,
      102.53826852585267,
      101.13001908912406,
      85.5201782899403,
      99.29742590342384,
      10.390964186148347,
      34.153920625225496,
      40.56760978863249,
      85.9498836667349,
      72.64182363083263,
      56.02582444317893,
      46.29213323504363,
      0.0,
      41.42103265778923,
      12.51571441538914,
      81.51359725956972,
      4.04696904431099,
      80.0357777058832,
      67.72498693641498,
      83.12165660943941,
      90.36837344997637,
      68.10680253281716,
      23.73891857372773,
      77.03141495825302,
      18.13227769053693,
      51.78453510332977,
      93.268020200886,
      8.589405317541313,
      14.76208004097011
    ],
    [
      27.87832334357432,
      72.8575855389461,
      54.810601852908334,
      76.41692614809222,
      63.06838240412908,
      10.207865611434382,
      24.302802358419093,
      31.438471650750262,
      51.237495614160146,
      26.450776617426254,
      45.101637038235125,
      68.85590789939656,
      38.23662219621753,
      73.93520241559284,
      75.08872218573426,
      72.28436585326038,
      66.02533513415463,
      76.62545189815874,
      31.160422181846616,
      17.961043031864982,
      2.4945250364443528,
      67.23087327620554,
      31.2774594963753,
      15.013876103074393,
      22.43750945023572,
      41.42103265778923,
      0.0,
      38.11459145166912,
      42.80102799662385,
      37.75393262386817,
      39.1006508659453,
      30.8862981929953,
      45.41847216436682,
      53.465733802529584,
      27.33646871345787,
      51.741205520790224,
      65.26764217683156,
      36.82572796826419,
      18.95020431987834,
      62.03178553069426,
      37.166460847971784,
      35.594891307184675
    ],
    [
      57.48107613069214,
      96.86257821779392,
      80.58240986819531,
      109.72121479312435,
      78.61296707376938,
      39.89931184157952,
      58.600808125824685,
      63.771187398342825,
      83.97910819049996,
      43.72177132813606,
      79.32480243057277,
      103.04152437147175,
      71.02251429934805,
      97.71104383351711,
      106.51353579155824,
      104.62072560071617,
      91.49475382402314,
      104.67434112804192,
      11.303700267888317,
      26.018484659785663,
      36.592246100117315,
      92.1368687158966,
      68.12460630051754,
      53.12290179403709,
      37.09636019685943,
      12.51571441538914,
      38.11459145166912,
      0.0,
      74.33476495928312,
      13.149612592699738,
      74.57160162714486,
      60.17486072422722,
      82.70457786328576,
      90.44416602823661,
      62.73563942163789,
      36.06908717904975,
      84.67513911951434,
      27.75149559129668,
      52.38797340657045,
      95.79945018132182,
      18.4814576452985,
      3.1236082434139587
    ],
    [
      57.24681030699919,
      95.46916540979288,
      79.01116254368341,
      82.25923348480808,
      95.43122300469635,
      35.70254348271345,
      18.734213416645485,
      11.370598096502535,
      65.03002258742279,
      65.9631430418016,
      8.956904307540658,
      73.9372260398581,
      57.23536655320902,
      96.64444313407004,
      85.52542211927245,
      81.3010507711027,
      88.05895557877896,
      92.92360888735853,
      71.20999579479039,
      48.31725062654021,
      42.547020706967594,
      89.7479680475733,
      19.372780487208285,
      33.838029943465834,
      38.334368165390394,
      81.51359725956972,
      42.80102799662385,
      74.33476495928312,
      0.0,
      78.39275769722519,
      12.338850013712934,
      14.247166304580743,
      46.03913884406087,
      52.464892073945045,
      17.301212711383663,
      94.52091810553564,
      94.07593916173532,
      79.59606874644284,
      48.70295782870152,
      69.99441995835218,
      78.96260178983927,
      71.26145794056761
    ],
    [
      50.82122900267591,
      86.71290224149986,
      71.36189311036124,
      102.6773264592025,
      67.0494931704426,
      42.71951437164163,
      61.0292790483143,
      67.2501925029118,
      77.22944974286793,
      34.987076148717875,
      82.11854869968435,
      96.5932454571653,
      64.78612680072075,
      87.48448863271523,
      98.6404140682749,
      97.18904013020757,
      81.86871363618125,
      95.56505764351157,
      7.264940537174912,
      31.64867952213873,
      37.010491033434654,
      82.33556307262646,
      69.02002100031262,
      52.23279993490577,
      43.96235622884374,
      4.04696904431099,
      37.75393262386817,
      13.149612592699738,
      78.39275769722519,
      0.0,
      76.55516035849035,
      64.74431276168718,
      79.09931697344928,
      86.32958601913313,
      64.64158573297364,
      23.22740705971207,
      73.71533092680552,
      15.197476926908195,
      47.74873088924671,
      89.26209396346839,
      5.539110259276322,
      14.668074504624252
    ],
    [
      47.90782202574854,
      83.82751922837676,
      67.82741626388774,
      69.93385278341712,
      85.33646278610323,
      34.67466003292973,
      15.989367794505775,
      12.992322862423299,
      53.05511631477603,
      58.91868537009013,
      7.12263265725718,
      61.604911084551944,
      46.08320281671319,
      85.00027284553126,
      73.20762301006025,
      68.97100806219242,
      76.44745780131905,
      80.79013226887989,
      69.65039294185513,
      49.05411285249401,
      39.56916560047476,
      78.16657522217668,
      9.229842635470034,
      26.83005069262474,
      41.47323373531861,
      80.0357777058832,
      39.1006508659453,
      74.57160162714486,
      12.338850013712934,
      76.55516035849035,
      0.0,
      19.178199744892982,
      33.72494288674677,
      40.14721028185408,
      11.934475280600807,
      90.16848170021893,
      83.3101586934767,
      75.41195271225885,
      40.33723465603434,
      57.679334790582566,
      76.25884401234504,
      71.63633241810027
    ],
    [
      50.54973247224925,
      92.55192734663942,
      75.09828440856866,
      84.58252903627942,
      88.96729896426126,
      22.446457006377937,
      10.659540554021453,
      6.357684534614523,
      63.98008547875201,
      56.07195878959239,
      20.877784396604795,
      76.20729073189473,
      53.92379921734423,
      93.71869333275775,
      86.44679607923011,
      82.55357311722605,
      85.16141886221347,
      92.10242336046566,
      57.5096518230446,
      34.17769409347213,
      30.131104965649577,
      86.72800557812191,
      19.68095289094858,
      25.995120562103022,
      24.13998165613651,
      67.72498693641498,
      30.8862981929953,
      60.17486072422722,
      14.247166304580743,
      64.74431276168718,
      19.178199744892982,
      0.0,
      47.94309504897673,
      55.54692315172342,
      13.23915807856562,
      81.98523908050538,
      88.92351969380097,
      67.09640942134571,
      41.098855591862176,
      71.14195076881632,
      65.66716772763665,
      57.08941020188038
    ],
    [
      31.63536674933934,
      52.36709746008838,
      39.02245788183709,
      36.71016867740339,
      60.0206840185357,
      48.84280089832341,
      38.333373224672194,
      42.154643504830126,
      21.03135047017206,
      48.70154102339398,
      39.34569632416451,
      28.32312422254324,
      20.640761634728044,
      53.50578458972626,
      39.48628342637694,
      35.2816760008275,
      45.296250875230115,
      47.494994005123395,
      73.87959531191294,
      62.5636732289633,
      47.4911609791754,
      47.09335561369048,
      28.463741543241603,
      31.4898272942432,
      61.36264821098436,
      83.12165660943941,
      45.41847216436682,
      82.70457786328576,
      46.03913884406087,
      79.09931697344928,
      33.72494288674677,
      47.94309504897673,
      0.0,
      8.250380598001145,
      34.75204367789528,
      84.03766180220649,
      55.42821251109861,
      71.48133147194648,
      31.427620736088016,
      23.95561897515786,
      76.4720194741389,
      80.47287387751994
    ],
    [
      37.36971995410599,
      50.16067620513118,
      39.26082538477787,
      29.799158128989983,
      61.17951998643784,
      57.088339388699914,
      46.2312508341602,
      49.58914630713818,
      20.157959617367887,
      54.732651784946356,
      45.09591943145015,
      21.514164969691418,
      24.638366601260437,
      51.24128496043366,
      33.80373076166744,
      29.378248415654447,
      43.56790063154074,
      43.30169638569483,
      81.35149161284359,
      70.74154397668151,
      55.58441912704783,
      45.365480516050845,
      35.901198511576055,
      39.71179992777739,
      69.6005468807202,
      90.36837344997637,
      53.465733802529584,
      90.44416602823661,
      52.464892073945045,
      86.32958601913313,
      40.14721028185408,
      55.54692315172342,
      8.250380598001145,
      0.0,
      42.46474338619363,
      89.94506603658843,
      55.49111658753693,
      77.96203065717766,
      38.588948421581165,
      18.70148257584138,
      83.45462268512583,
      88.28418689526961
    ],
    [
      40.130865751672175,
      80.20336739953156,
      63.10790753155872,
      71.35399649616984,
      78.49629798400034,
      22.848558006560328,
      4.620980266254738,
      8.102949288136342,
      50.9915797165999,
      48.83888197415706,
      17.79623998154461,
      62.98250322501994,
      41.55752997049901,
      81.37630308258791,
      73.23915122714237,
      69.32483231807197,
      72.7847932033222,
      79.14488642442772,
      57.71987601996068,
      37.438661715822825,
      27.687731313082686,
      74.40221876691835,
      7.083176760302944,
      16.57450614522306,
      30.96250667831613,
      68.10680253281716,
      27.33646871345787,
      62.73563942163789,
      17.301212711383663,
      64.64158573297364,
      11.934475280600807,
      13.23915807856562,
      34.75204367789528,
      42.46474338619363,
      0.0,
      78.7731327266194,
      77.61721773357452,
      63.931356944742554,
      31.4163568286638,
      57.90999488848507,
      64.43784569089821,
      59.82722316977512
    ],
    [
      52.58891224185521,
      76.85045791161494,
      64.90937796742135,
      99.71772266869145,
      53.78133912782682,
      59.58865114525034,
      76.02393200799791,
      83.15083010306155,
      76.18398662650208,
      35.3361513525236,
      96.55471742476276,
      95.14725970372504,
      65.80105658251259,
      77.37167829545999,
      93.99337041612694,
