{
  "name": "RC-n21-k6",
  "n": 21,
  "m": 6,
  "depot": 0,
  "coordinates": [
    [
      0.0,
      0.0
    ],
    [
      26.74,
      88.88
    ],
    [
      76.09,
      28.49
    ],
    [
      27.49,
      63.08
    ],
    [
      6.98,
      21.6
    ],
    [
      79.54,
      87.16
    ],
    [
      46.64,
      87.7
    ],
    [
      66.79,
      25.74
    ],
    [
      81.7,
      15.86
    ],
    [
      44.99,
      33.49
    ],
    [
      17.87,
      13.87
    ],
    [
      36.38,
      73.1
    ],
    [
      56.18,
      102.49
    ],
    [
      26.28,
      15.8
    ],
    [
      91.96,
      17.58
    ],
    [
      85.36,
      3.24
    ],
    [
      15.97,
      8.91
    ],
    [
      23.97,
      59.94
    ],
    [
      54.89,
      75.2
    ],
    [
      27.86,
      33.69
    ],
    [
      83.12,
      28.35
    ]
  ],
  "c": [
    [
      0.0,
      92.82,
      81.25,
      68.81,
      22.7,
      118.0,
      99.33,
      71.58,
      83.23,
      56.09,
      22.62,
      81.65,
      116.88,
      30.66,
      93.63,
      85.42,
      18.29,
      64.56,
      93.1,
      43.72,
      87.82
    ],
    [
      92.82,
      0.0,
      77.99,
      25.81,
      70.12,
      52.83,
      19.93,
      74.77,
      91.39,
      58.32,
      75.53,
      18.49,
      32.43,
      73.08,
      96.63,
      103.78,
      80.69,
      29.07,
      31.3,
      55.2,
      82.72
    ],
    [
      81.25,
      77.99,
      0.0,
      59.65,
      69.45,
      58.77,
      66.13,
      9.7,
      13.82,
      31.5,
      60.03,
      59.72,
      76.63,
      51.4,
      19.26,
      26.9,
      63.23,
      60.87,
      51.3,
      48.51,
      7.03
    ],
    [
      68.81,
      25.81,
      59.65,
      0.0,
      46.27,
      57.35,
      31.19,
      54.21,
      71.89,
      34.38,
      50.14,
      13.4,
      48.75,
      47.3,
      78.91,
      83.25,
      55.38,
      4.72,
      29.96,
      29.39,
      65.58
    ],
    [
      22.7,
      70.12,
      69.45,
      46.27,
      0.0,
      97.79,
      77.09,
      59.95,
      74.94,
      39.83,
      13.35,
      59.3,
      94.68,
      20.15,
      85.08,
      80.5,
      15.55,
      41.94,
      71.89,
      24.13,
      76.44
    ],
    [
      118.0,
      52.83,
      58.77,
      57.35,
      97.79,
      0.0,
      32.9,
      62.73,
      71.33,
      63.83,
      95.78,
      45.39,
      27.94,
      89.04,
      70.68,
      84.12,
      100.82,
      61.88,
      27.4,
      74.36,
      58.92
    ],
    [
      99.33,
      19.93,
      66.13,
      31.19,
      77.09,
      32.9,
      0.0,
      65.15,
      79.94,
      54.24,
      79.24,
      17.84,
      17.6,
      74.73,
      83.49,
      92.91,
      84.55,
      35.84,
      14.98,
      57.18,
      69.67
    ],
    [
      71.58,
      74.77,
      9.7,
      54.21,
      59.95,
      62.73,
      65.15,
      0.0,
      17.89,
      23.14,
      50.34,
      56.28,
      77.48,
      41.71,
      26.46,
      29.17,
      53.53,
      54.8,
      50.87,
      39.73,
      16.54
    ],
    [
      83.23,
      91.39,
      13.82,
      71.89,
      74.94,
      71.33,
      79.94,
      17.89,
      0.0,
      40.72,
      63.86,
      73.01,
      90.31,
      55.42,
      10.4,
      13.14,
      66.1,
      72.63,
      65.12,
      56.72,
      12.57
    ],
    [
      56.09,
      58.32,
      31.5,
      34.38,
      39.83,
      63.83,
      54.24,
      23.14,
      40.72,
      0.0,
      33.47,
      40.53,
      69.9,
      25.75,
      49.59,
      50.45,
      38.03,
      33.79,
      42.87,
      17.13,
      38.47
    ],
    [
      22.62,
      75.53,
      60.03,
      50.14,
      13.35,
      95.78,
      79.24,
      50.34,
      63.86,
      33.47,
      0.0,
      62.05,
      96.55,
      8.63,
      74.18,
      68.32,
      5.31,
      46.47,
      71.64,
      22.2,
      66.84
    ],
    [
      81.65,
      18.49,
      59.72,
      13.4,
      59.3,
      45.39,
      17.84,
      56.28,
      73.01,
      40.53,
      62.05,
      0.0,
      35.44,
      58.18,
      78.56,
      85.32,
      67.36,
      18.09,
      18.63,
      40.32,
      64.71
    ],
    [
      116.88,
      32.43,
      76.63,
      48.75,
      94.68,
      27.94,
      17.6,
      77.48,
      90.31,
      69.9,
      96.55,
      35.44,
      0.0,
      91.7,
      92.14,
      103.45,
      101.85,
      53.37,
      27.32,
      74.4,
      78.88
    ],
    [
      30.66,
      73.08,
      51.4,
      47.3,
      20.15,
      89.04,
      74.73,
      41.71,
      55.42,
      25.75,
      8.63,
      58.18,
      91.7,
      0.0,
      65.7,
      60.4,
      12.4,
      44.2,
      65.93,
      17.96,
      58.21
    ],
    [
      93.63,
      96.63,
      19.26,
      78.91,
      85.08,
      70.68,
      83.49,
      26.46,
      10.4,
      49.59,
      74.18,
      78.56,
      92.14,
      65.7,
      0.0,
      15.79,
      76.48,
      80.11,
      68.51,
      66.09,
      13.93
    ],
    [
      85.42,
      103.78,
      26.9,
      83.25,
      80.5,
      84.12,
      92.91,
      29.17,
      13.14,
      50.45,
      68.32,
      85.32,
      103.45,
      60.4,
      15.79,
      0.0,
      69.62,
      83.57,
      78.15,
      65.06,
      25.21
    ],
    [
      18.29,
      80.69,
      63.23,
      55.38,
      15.55,
      100.82,
      84.55,
      53.53,
      66.1,
      38.03,
      5.31,
      67.36,
      101.85,
      12.4,
      76.48,
      69.62,
      0.0,
      51.65,
      76.87,
      27.48,
      69.91
    ],
    [
      64.56,
      29.07,
      60.87,
      4.72,
      41.94,
      61.88,
      35.84,
      54.8,
      72.63,
      33.79,
      46.47,
      18.09,
      53.37,
      44.2,
      80.11,
      83.57,
      51.65,
      0.0,
      34.48,
      26.54,
      67.06
    ],
    [
      93.1,
      31.3,
      51.3,
      29.96,
      71.89,
      27.4,
      14.98,
      50.87,
      65.12,
      42.87,
      71.64,
      18.63,
      27.32,
      65.93,
      68.51,
      78.15,
      76.87,
      34.48,
      0.0,
      49.53,
      54.7
    ],
    [
      43.72,
      55.2,
      48.51,
      29.39,
      24.13,
      74.36,
      57.18,
      39.73,
      56.72,
      17.13,
      22.2,
      40.32,
      74.4,
      17.96,
      66.09,
      65.06,
      27.48,
      26.54,
      49.53,
      0.0,
      55.52
    ],
    [
      87.82,
      82.72,
      7.03,
      65.58,
      76.44,
      58.92,
      69.67,
      16.54,
      12.57,
      38.47,
      66.84,
      64.71,
      78.88,
      58.21,
      13.93,
      25.21,
      69.91,
      67.06,
      54.7,
      55.52,
      0.0
    ]
  ],
  "u": [
    [
      1,
      1,
      0,
      1,
      1,
      0,
      1,
      1,
      1,
      0,
      1,
      1,
      0,
      0,
      1,
      1,
      1,
      1,
      1,
      1,
      1
    ],
    [
      1,
      1,
      1,
      1,
      1,
      1,
      1,
      1,
      1,
      1,
      1,
      0,
      1,
      1,
      1,
      1,
      1,
      1,
      1,
      1,
      1
    ],
    [
      1,
      1,
      1,
      1,
      1,
      1,
      0,
      1,
      1,
      1,
      1,
      1,
      1,
      1,
      1,
      1,
      1,
      0,
      1,
      1,
      1
    ],
    [
      1,
      1,
      1,
      1,
      1,
      1,
      1,
      1,
      1,
      1,
      1,
      1,
      1,
      1,
      1,
      1,
      1,
      0,
      1,
      1,
      1
    ],
    [
      1,
      1,
      1,
      1,
      1,
      1,
      1,
      0,
      1,
      1,
      1,
      1,
      1,
      1,
      1,
      1,
      1,
      1,
      1,
      1,
      1
    ],
    [
      1,
      1,
      1,
      1,
      1,
      0,
      0,
      1,
      1,
      1,
      1,
      1,
      1,
      0,
      1,
      0,
      1,
      1,
      1,
      1,
      1
    ]
  ]
}