{
  "name": "RC-n41-k10",
  "n": 42,
  "m": 10,
  "prob_compat": 0.3,
  "layout": "RC",
  "coords": [
    [
      50.0,
      50.0
    ],
    [
      37.948326674304234,
      63.54802062260566
    ],
    [
      26.492493362364506,
      64.48445351146846
    ],
    [
      42.53579171527422,
      34.6600788416397
    ],
    [
      32.785028043041656,
      57.75877677572782
    ],
    [
      44.229668608748746,
      33.49668809164189
    ],
    [
      28.13864302002948,
      59.42381026147035
    ],
    [
      28.788974330872705,
      53.52113642934196
    ],
    [
      44.98869214335606,
      23.734368989026084
    ],
    [
      61.93367940472943,
      37.48129672990981
    ],
    [
      34.12478033617501,
      59.86815798473351
    ],
    [
      39.98291617141676,
      62.72557254336118
    ],
    [
      53.06323300373421,
      31.349157752025263
    ],
    [
      41.238846945090025,
      57.35414182096348
    ],
    [
      28.9503471650114,
      55.52154595349131
    ],
    [
      35.45092088491752,
      61.36880194798327
    ],
    [
      39.09129016135868,
      25.631776514672126
    ],
    [
      28.718477106653758,
      52.762262103600406
    ],
    [
      66.2495841752412,
      33.50365301400028
    ],
    [
      49.61069064722031,
      28.178384790041594
    ],
    [
      65.16090901350071,
      42.47005452508253
    ],
    [
      51.86236352626867,
      15.338720966290886
    ],
    [
      86.68900047068219,
      42.729505903246775
    ],
    [
      86.87717493284553,
      99.97502253036113
    ],
    [
      32.02196261571913,
      14.937344280110388
    ],
    [
      54.300707243085824,
      54.449415544487714
    ],
    [
      48.97266450940675,
      60.662520245362714
    ],
    [
      45.13128305441854,
      75.22516592536729
    ],
    [
      39.2995805459579,
      67.24396168771948
    ],
    [
      6.340289619906459,
      10.1089719047739
    ],
    [
      68.77653228747816,
      15.735420380991517
    ],
    [
      85.43674332395842,
      43.16600198270961
    ],
    [
      8.479746889556717,
      40.53908820007587
    ],
    [
      87.75053839888841,
      9.38636432548231
    ],
    [
      92.89350422969392,
      59.01997834922837
    ],
    [
      88.10932054417516,
      8.131251738386569
    ],
    [
      58.34133064106335,
      40.53021167283991
    ],
    [
      62.916121662207814,
      54.7043850701675
    ],
    [
      12.885168914567856,
      25.10656444116296
    ],
    [
      35.003395850180944,
      72.31015962762521
    ],
    [
      67.08891778493728,
      49.82782427014582
    ],
    [
      55.990723942658015,
      18.54059936010506
    ]
  ],
  "c": [
    [
      0.0,
      18.132614062507237,
      27.611632726884658,
      17.05953066360499,
      18.8826342583453,
      17.483021143652895,
      23.80603135446771,
      21.50130255799439,
      26.73941994207608,
      17.29539348206424,
      18.692328409974916,
      16.195127816266588,
      18.900722552167306,
      11.438584037126379,
      21.761786557864678,
      18.464164233167917,
      26.698506815448592,
      21.460039808653832,
      23.155527412493786,
      21.825087677799825,
      16.92788353489228,
      34.71127572067352,
      37.40244430446547,
      62.10820322580419,
      39.403041181133574,
      6.1881646292143655,
      10.711897880067855,
      25.690725965968795,
      20.294166432252883,
      59.139364495805715,
      39.07197948927187,
      36.08969806341473,
      42.58450739930214,
      55.448810195606576,
      43.8316405639045,
      56.61547839003967,
      12.619615201136673,
      13.74617902114507,
      44.68997449565319,
      26.881989484345983,
      17.089785122765484,
      32.024719545665945
    ],
    [
      18.132614062507237,
      0.0,
      11.494042953908423,
      29.249923347636322,
      7.757254480433847,
      30.700779198319584,
      10.641381700692872,
      13.5805795891135,
      40.43134430535116,
      35.42275031813533,
      5.306684052534957,
      2.1945330402647265,
      35.570031817611344,
      7.013676515343763,
      12.05769177179397,
      3.3145180205702958,
      37.93346718644559,
      14.195869465156127,
      41.27499486535834,
      37.2427425462327,
      34.42100074628689,
      50.177056458805716,
      53.00060223473963,
      60.999661145739005,
      48.9705998067179,
      18.713229668708163,
      11.395706960497975,
      13.709507094729293,
      3.9352086834694884,
      62.0870351546841,
      56.889568491881974,
      51.677619911604125,
      37.38727277770569,
      73.57815780180985,
      55.131440244408545,
      74.74719780419987,
      30.752140407395537,
      26.487745776912227,
      45.89016703215639,
      9.243792376625324,
      32.20897139349778,
      48.4891335031808
    ],
    [
      27.611632726884658,
      11.494042953908423,
      0.0,
      33.86562780293315,
      9.210359399133543,
      35.705027537241094,
      5.321646248970513,
      11.201256459967654,
      44.75129895245669,
      44.556123532674604,
      8.919752734283085,
      13.604601053576225,
      42.47295645649393,
      16.379752403211526,
      9.293802085692898,
      9.48476190222417,
      40.84434098623373,
      11.931671091365853,
      50.402740693014394,
      43.04162719631409,
      44.49584398234093,
      55.30762460579446,
      64.00700909649045,
      70.04206063254547,
      49.854699511760394,
      29.563469793559193,
      22.80274695493673,
      21.512028829069102,
      13.101006354588126,
      57.98969146009934,
      64.53222589510504,
      62.68094590159681,
      29.96397095496011,
      82.39142864184159,
      66.62548110897164,
      83.50039965192263,
      39.851651635390716,
      37.71379637800572,
      41.662662256040356,
      11.56188295104103,
      43.161168387976446,
      54.59838222557436
    ],
    [
      17.05953066360499,
      29.249923347636322,
      33.86562780293315,
      0.0,
      25.072439818294047,
      2.0549201851720102,
      28.64472524543559,
      23.339119124909246,
      11.197671913999908,
      19.601972277957472,
      26.57428016906229,
      28.181361043494572,
      11.035815264112832,
      22.731092368085218,
      24.895082118505496,
      27.63243175426604,
      9.663065448503117,
      22.77294934441314,
      23.741972823024167,
      9.59513171747914,
      23.935155168381005,
      21.454598851829882,
      44.88453515968759,
      78.94428500346537,
      22.350097559500593,
      23.022403969073906,
      26.78731584765245,
      40.64803642738448,
      32.744197715923036,
      43.73638329538912,
      32.35303948054793,
      43.73605351894992,
      34.55975897207416,
      51.79897646776068,
      55.94018156660524,
      52.73258193368653,
      16.860412811985654,
      28.58552187609798,
      31.151710544846246,
      38.396166093240474,
      28.86029281169434,
      20.99697168639105
    ],
    [
      18.8826342583453,
      7.757254480433847,
      9.210359399133543,
      25.072439818294047,
      0.0,
      26.82589690937991,
      4.935709704866746,
      5.824606508242125,
      36.14678053034699,
      35.50802829239847,
      2.4988848096425693,
      8.745207470722692,
      33.29675019284867,
      8.463497118523017,
      4.439592232209611,
      4.487679399052812,
      32.74008380683826,
      6.442204233569577,
      41.33022557187238,
      34.0309052494421,
      35.8042273575441,
      46.512426984789094,
      55.95996092241521,
      68.61611881157164,
      42.82823075756335,
      21.76870053995066,
      16.446011689909508,
      21.389360970645953,
      11.506873038663743,
      54.49612916995139,
      55.32947551221062,
      54.636546360311534,
      29.78698317373528,
      73.21951662593358,
      60.121706054388895,
      74.32138711086405,
      30.821227392595794,
      30.28550992435081,
      38.23834938480754,
      14.719507418057354,
      35.20876111239828,
      45.569395014513134
    ],
    [
      17.483021143652895,
      30.700779198319584,
      35.705027537241094,
      2.0549201851720102,
      26.82589690937991,
      0.0,
      30.51453372584986,
      25.286232835518476,
      9.791781808607936,
      18.14687588165963,
      28.24116129558832,
      29.535784949040085,
      9.090860601721316,
      24.044190830022345,
      26.80582077862422,
      29.221929135831004,
      9.394666954296774,
      24.733770513710905,
      22.01991666799854,
      7.565695485963554,
      22.77362795055545,
      19.696949048755304,
      43.45157979756415,
      78.98214193987195,
      22.214349603958336,
      23.247421510514858,
      27.576773682173023,
      41.73821715081218,
      34.10548699953408,
      44.52628783760904,
      30.298698769939232,
      42.32633503752561,
      36.43696340552584,
      49.75312873980219,
      54.950953066488125,
      50.68361880692043,
      15.767354225790013,
      28.265702518283423,
      32.44798662396223,
      39.89498316442905,
      28.09361638842383,
      19.0264818795509
    ],
    [
      23.80603135446771,
      10.641381700692872,
      5.321646248970513,
      28.64472524543559,
      4.935709704866746,
      30.51453372584986,
      0.0,
      5.938391127431432,
      39.46720630850083,
      40.29365191101337,
      6.002606506087095,
      12.295870878095236,
      37.54226017945491,
      13.262687145967133,
      3.985791056780066,
      7.5665315854713775,
      35.52269730956838,
      6.686735483599741,
      46.090111601834785,
      37.91207515020722,
      40.719504084166346,
      50.06306036212829,
      60.88385792313268,
      71.37657842562606,
      44.65563600031876,
      26.630775565342994,
      20.87081344471337,
      23.204151700833403,
      13.627960037626448,
      53.91772893125001,
      59.666686303683285,
      59.559958264492124,
      27.259950924475937,
      77.82881257257462,
      64.75612040955086,
      78.9139323728646,
      35.62541799280467,
      35.09623904129151,
      37.55451814332589,
      14.60078187651854,
      40.114920558409565,
      49.468933133090324
    ],
    [
      21.50130255799439,
      13.5805795891135,
      11.201256459967654,
      23.339119124909246,
      5.824606508242125,
      25.286232835518476,
      5.938391127431432,
      0.0,
      33.90696641912326,
      36.82184042136438,
      8.291894135288093,
      14.492273048302124,
      32.876074470416604,
      13.026559731657397,
      2.0069079340880096,
      10.294046142378685,
      29.731365725796625,
      1.0,
      42.47348504885697,
      32.79937394234404,
      38.013734936362255,
      44.61253343574266,
      58.89713334621958,
      74.37877777337766,
      38.719003472004005,
      25.52861567534977,
      21.409827463825454,
      27.168657507871455,
      17.285507689407087,
      48.87289099245649,
      55.0160442836401,
      57.58644407585726,
      24.10390622886866,
      73.65014695169555,
      64.33994106314337,
      74.69367514806252,
      32.281664912354856,
      34.14765383332607,
      32.562538721529286,
      19.790058806513628,
      38.477606777056835,
      44.312223546043356
    ],
    [
      26.73941994207608,
      40.43134430535116,
      44.75129895245669,
      11.197671913999908,
      36.14678053034699,
      9.791781808607936,
      39.46720630850083,
      33.90696641912326,
      0.0,
      21.81995911089625,
      37.73162184349507,
      39.31121656342931,
      11.098793538534487,
      33.82824950070628,
      35.60411674251479,
      38.824214412149274,
      6.195119486793205,
      33.27669568950146,
      23.39795803808727,
      6.411875436204205,
      27.53078723832908,
      10.850542106361747,
      45.82282118097984,
      86.99012727209474,
      15.66919648138234,
      32.09560266020519,
      37.142433832805466,
      51.490994370932896,
      43.879957242160614,
      40.97987876163293,
      25.096703320481858,
      44.87352454521305,
      40.19081575816972,
      45.10477505771268,
      59.49743901167626,
      45.85679733276989,
      21.4567771650329,
      35.7845584745649,
      32.132835605657476,
      49.59146678842552,
      34.194858998343584,
      12.166344836110548
    ],
    [
      17.29539348206424,
      35.42275031813533,
      44.556123532674604,
      19.601972277957472,
      35.50802829239847,
      18.14687588165963,
      40.29365191101337,
      36.82184042136438,
      21.81995911089625,
      0.0,
      35.70023003074033,
      33.45309354709303,
      10.78368896978302,
      28.691567795182625,
      37.594558086038944,
      35.664399677579844,
      25.732972538690248,
      36.5616953443631,
      5.869300087645952,
      15.44021445701577,
      5.9416088129922064,
      24.325399585029224,
      25.305525495541534,
      67.2877680829372,
      37.455848586366024,
      18.605894768219535,
      26.558558522445516,
      41.31489059596728,
      37.39142490651398,
      61.966677772009135,
      22.797100117282163,
      24.18077516132544,
      53.54132039847037,
      38.15541161006703,
      37.7150574584059,
      39.32669996408906,
      4.711778005067269,
      17.251085901055607,
      50.58547598393875,
      44.026013481534314,
      13.379582394775044,
      19.851164612654166
    ],
    [
      18.692328409974916,
      5.306684052534957,
      8.919752734283085,
      26.57428016906229,
      2.4988848096425693,
      28.24116129558832,
      6.002606506087095,
      8.291894135288093,
      37.73162184349507,
      35.70023003074033,
      0.0,
      6.517865710798358,
      34.2344616390355,
      7.545211792108727,
      6.75779511327309,
      2.002643517817652,
      34.59474000490838,
      8.928710482652926,
      41.55827407448845,
      35.27116589074925,
      35.57998436295663,
      47.9321668465441,
      55.287707797657696,
      66.26745595965002,
      44.97999402539991,
      20.890926168715662,
      14.86911819250952,
      18.89393540201171,
      9.010052024053502,
      56.990828417408174,
      56.11098325368558,
      53.96183429772934,
      32.11355911789187,
      73.6487163422139,
      58.77484425131849,
      74.77324420815562,
      30.99028035095628,
      29.250741632740358,
      40.73683197094824,
      12.472985613042765,
      34.45928987720405,
      46.75560492255444
    ],
    [
      16.195127816266588,
      2.1945330402647265,
      13.604601053576225,
      28.181361043494572,
      8.745207470722692,
      29.535784949040085,
      12.295870878095236,
      14.492273048302124,
      39.31121656342931,
      33.45309354709303,
      6.517865710798358,
      0.0,
      33.99373609345949,
      5.516305839398088,
      13.176326422362504,
      4.73073014716898,
      37.10451051772277,
      15.03845545136883,
      39.29196392398296,
      35.863661595270074,
      32.31435182306527,
      48.85319817416243,
      50.8065054067487,
      59.88817102832453,
      48.44679083341369,
      16.537651460892764,
      9.223435366753025,
      13.518339997110607,
      4.569768925982597,
      62.45264593309854,
      55.11031418239026,
      49.48360539946783,
      38.5316721972506,
      71.60179373854177,
      53.04019001666842,
      72.77836671708663,
      28.80391338016409,
      24.29550087079845,
      46.36245978147965,
      10.800922747869336,
      30.018115097244312,
      46.995337692648555
    ],
    [
      18.900722552167306,
      35.570031817611344,
      42.47295645649393,
      11.035815264112832,
      33.29675019284867,
      9.090860601721316,
      37.54226017945491,
      32.876074470416604,
      11.098793538534487,
      10.78368896978302,
      34.2344616390355,
      33.99373609345949,
      0.0,
      28.567031733968953,
      34.142870629659335,
      34.804778060239556,
      15.09647756941488,
      32.422032287626266,
      13.361201557201973,
      4.687627320934255,
      16.43253205912818,
      16.055409480044567,
      35.499360019361866,
      76.50419586767612,
      26.684877383613493,
      23.133379618449204,
      29.597398049027674,
      44.587217038357814,
      38.44314085191766,
      51.32425287594697,
      22.15167192498399,
      34.462762193792905,
      45.52078707286447,
      41.05573590466613,
      48.49870945144946,
      42.03926035922148,
      10.590092811967489,
      25.348492223372478,
      40.660137791182926,
      44.76562735699976,
      23.198727332971973,
      13.138849693816825
    ],
    [
      11.438584037126379,
      7.013676515343763,
      16.379752403211526,
      22.731092368085218,
      8.463497118523017,
      24.044190830022345,
      13.262687145967133,
      13.026559731657397,
      33.82824950070628,
      28.691567795182625,
      7.545211792108727,
      5.516305839398088,
      28.567031733968953,
      0.0,
      12.424396744247522,
      7.043975015110898,
      31.794975401235142,
      13.335854686894086,
      34.55984365020691,
      30.353131062549153,
      28.17447618388491,
      43.33768215013159,
      47.74511944927635,
      62.44514756138104,
      43.40663164036946,
      13.38094276146519,
      8.411735963352882,
      18.290012613592882,
      10.078159115814977,
      58.736831577714064,
      49.904329354419346,
      46.419364023939785,
      36.82261078090156,
      66.81500669572166,
      51.68151149617031,
      67.96862661172422,
      23.990405878183356,
      21.838622896139377,
      42.93992669677881,
      16.2038056946566,
      26.923439941821464,
      41.522390987420685
    ],
    [
      21.761786557864678,
      12.05769177179397,
      9.293802085692898,
      24.895082118505496,
      4.439592232209611,
      26.80582077862422,
      3.985791056780066,
      2.0069079340880096,
      35.60411674251479,
      37.594558086038944,
      6.75779511327309,
      13.176326422362504,
      34.142870629659335,
      12.424396744247522,
      0.0,
      8.743446766181874,
      31.56322293367606,
      2.76900904444741,
      43.313054510622834,
      34.270953520630805,
      38.49085888739166,
      46.256025744658395,
      59.13872144542447,
      73.01800432095247,
      40.70027330304652,
      25.37302149334879,
      20.671787743428418,
      25.496182581971247,
      15.63718843716406,
      50.72983918684544,
      56.29441188501497,
      57.82190257886215,
      25.36768645285423,
      74.73899566484612,
      64.03878796968444,
      75.79989523126531,
      32.993484405315435,
      33.97560285121712,
      34.397108201327036,
      17.846482776288116,
      38.561237474158844,
      45.812360637932386
    ],
    [
      18.464164233167917,
      3.3145180205702958,
      9.48476190222417,
      27.63243175426604,
      4.487679399052812,
      29.221929135831004,
      7.5665315854713775,
      10.294046142378685,
      38.824214412149274,
      35.664399677579844,
      2.002643517817652,
      4.73073014716898,
      34.804778060239556,
      7.043975015110898,
      8.743446766181874,
      0.0,
      35.921960905412504,
      10.926954164836252,
      41.53341047378345,
      36.084662542964345,
      35.21144769467952,
      48.86822899135509,
      54.52306077872448,
      64.30474222837105,
      46.55789960871706,
      20.079650244699657,
      13.54017667868007,
      16.90290609352285,
      7.023509318989805,
      58.94912237435049,
      56.50665348959486,
      53.197033483861595,
      34.07816311815808,
      73.73888942264355,
      57.49058491283291,
      74.88086409085726,
      30.95509172106514,
      28.262195704831267,
      42.710221621859866,
      10.95050622257143,
      33.677247714235826,
      47.49882573873909
    ],
    [
      26.698506815448592,
      37.93346718644559,
      40.84434098623373,
      9.663065448503117,
      32.74008380683826,
      9.394666954296774,
      35.52269730956838,
      29.731365725796625,
      6.195119486793205,
      25.732972538690248,
      34.59474000490838,
      37.10451051772277,
      15.09647756941488,
      31.794975401235142,
      31.56322293367606,
      35.921960905412504,
      0.0,
      29.045800022703833,
      28.276127269574275,
      10.823261998590175,
      31.034700473048392,
      16.40266159542333,
      50.57543254323398,
      88.37651843981567,
      12.81976102613349,
      32.585007092506274,
      36.39772747482431,
      49.95984174703784,
      41.61270647002305,
      36.24342008452405,
      31.291396018889547,
      49.551489297605386,
      34.04841440019166,
      51.29947228030925,
      63.32021999645954,
      52.04839738220673,
      24.341886299800155,
      37.58775284936459,
      26.21138375827688,
      46.857041412566616,
      37.00426839614229,
      18.326910693457723
    ],
    [
      21.460039808653832,
      14.195869465156127,
      11.931671091365853,
      22.77294934441314,
      6.442204233569577,
      24.733770513710905,
      6.686735483599741,
      1.0,
      33.27669568950146,
      36.5616953443631,
      8.928710482652926,
      15.03845545136883,
      32.422032287626266,
      13.335854686894086,
      2.76900904444741,
      10.926954164836252,
      29.045800022703833,
      0.0,
      42.18385973165332,
      32.262231949955726,
      37.867933401817396,
      44.00182848314299,
      58.83228515088548,
      74.90980496539146,
      37.96890075920526,
      25.63780383508835,
      21.740427457902467,
      27.82017697975576,
      17.935422293270054,
      48.167275612985655,
      54.54937939904636,
      57.524342073637335,
      23.64343843598558,
      73.25471157862748,
      64.47940073274361,
      74.2913142328227,
      32.04897048676838,
      34.25274784254956,
      31.867401235458825,
      20.533399650874046,
      38.48248488915554,
      43.75954351239832
    ],
    [
      23.155527412493786,
      41.27499486535834,
      50.402740693014394,
      23.741972823024167,
      41.33022557187238,
      22.01991666799854,
      46.090111601834785,
      42.47348504885697,
      23.39795803808727,
      5.869300087645952,
      41.55827407448845,
      39.29196392398296,
      13.361201557201973,
      34.55984365020691,
      43.313054510622834,
      41.53341047378345,
      28.276127269574275,
      42.18385973165332,
      0.0,
      17.470296491299724,
      9.032251638751479,
      23.172329928173408,
      22.425122073967774,
      69.59842286894,
      38.93889954305303,
      24.11432412329581,
      32.18844548017921,
      46.76181435576579,
      43.18230106208137,
      64.31512013764923,
      17.947020857586793,
      21.48273874047072,
      58.196661831001364,
      32.3099775025098,
      36.891480513545005,
      33.49039893178429,
      10.578894107937304,
      21.46119782405435,
      54.02103213206557,
      49.822376904343365,
      16.34573485984444,
      18.1421384605295
    ],
    [
      21.825087677799825,
      37.2427425462327,
      43.04162719631409,
      9.59513171747914,
      34.0309052494421,
      7.565695485963554,
      37.91207515020722,
      32.79937394234404,
      6.411875436204205,
      15.44021445701577,
      35.27116589074925,
      35.863661595270074,
      4.687627320934255,
      30.353131062549153,
      34.270953520630805,
      36.084662542964345,
      10.823261998590175,
      32.262231949955726,
      17.470296491299724,
      0.0,
      21.120158973229568,
      13.03560500556743,
      39.83134676377131,
      80.89220012971231,
      22.01564233793224,
      26.686388151463056,
      32.49040063822212,
      47.25954620579517,
      40.40344403474461,
      46.89169742164216,
      22.850751608302268,
      38.83471024110225,
      42.94812595663423,
      42.51809049876108,
      53.14702103491063,
      43.405437994950184,
      15.125862026499872,
      29.67596983008021,
      36.85376543572329,
      46.48641319356433,
      27.824209848265617,
      11.558188995010882
    ],
    [
      16.92788353489228,
      34.42100074628689,
      44.49584398234093,
      23.935155168381005,
      35.8042273575441,
      22.77362795055545,
      40.719504084166346,
      38.013734936362255,
      27.53078723832908,
      5.9416088129922064,
      35.57998436295663,
      32.31435182306527,
      16.43253205912818,
      28.17447618388491,
      38.49085888739166,
      35.21144769467952,
      31.034700473048392,
      37.867933401817396,
      9.032251638751479,
      21.120158973229568,
      0.0,
      30.215237426742046,
      21.52965482320609,
      61.4688339792436,
      43.084102657344914,
      16.169386906353843,
      24.352106050768956,
      38.39379167138619,
      35.81277406469784,
      67.13497549120368,
      26.978016874442876,
      20.28777464013517,
      56.71404385748854,
      40.060228568897294,
      32.29546122925406,
      41.301125512566735,
      7.090108565403791,
      12.438565598127607,
      55.08397036149037,
      42.42531641280473,
      7.606181265530358,
      25.626375450425552
    ],
    [
      34.71127572067352,
      50.177056458805716,
      55.30762460579446,
      21.454598851829882,
      46.512426984789094,
      19.696949048755304,
      50.06306036212829,
      44.61253343574266,
      10.850542106361747,
      24.325399585029224,
      47.9321668465441,
      48.85319817416243,
      16.055409480044567,
      43.33768215013159,
      46.256025744658395,
      48.86822899135509,
      16.40266159542333,
      44.00182848314299,
      23.172329928173408,
      13.03560500556743,
      30.215237426742046,
      0.0,
      44.3074456533048,
      91.59334342779711,
      19.844460474791052,
      39.186629741154526,
      45.41582479155966,
      60.263535692448464,
      53.40390931907359,
      45.82149591602987,
      16.918820151189585,
      43.607299246413504,
      50.17080759730245,
      36.378450286771596,
      59.93001546786643,
      36.956589476426906,
      26.01130944210108,
      40.88815328756094,
      40.18248954392946,
      59.41354739657909,
      37.70074536791224,
      5.224498538269908
    ],
    [
      37.40244430446547,
      53.00060223473963,
      64.00700909649045,
      44.88453515968759,
      55.95996092241521,
      43.45157979756415,
      60.88385792313268,
      58.89713334621958,
      45.82282118097984,
      25.305525495541534,
      55.287707797657696,
      50.8065054067487,
      35.499360019361866,
      47.74511944927635,
      59.13872144542447,
      54.52306077872448,
      50.57543254323398,
      58.83228515088548,
      22.425122073967774,
      39.83134676377131,
      21.52965482320609,
      44.3074456533048,
      0.0,
      57.24582590489403,
      61.3260896806775,
      34.44354540687728,
      41.76260290904214,
      52.75425856860529,
      53.35462176054406,
      86.71801758416235,
      32.39656107671195,
      1.3261511184277484,
      78.23992123865636,
      33.36003526748534,
      17.432021093633296,
      34.62739522931856,
      28.432855640631367,
      26.618555518749734,
      75.87867696618946,
      59.55179929899989,
      20.845847666283415,
      39.083083060883055
    ],
    [
      62.10820322580419,
      60.999661145739005,
      70.04206063254547,
      78.94428500346537,
      68.61611881157164,
      78.98214193987195,
      71.37657842562606,
      74.37877777337766,
      86.99012727209474,
      67.2877680829372,
      66.26745595965002,
      59.88817102832453,
      76.50419586767612,
      62.44514756138104,
      73.01800432095247,
      64.30474222837105,
      88.37651843981567,
      74.90980496539146,
      69.59842286894,
      80.89220012971231,
      61.4688339792436,
      91.59334342779711,
      57.24582590489403,
      0.0,
      101.19536076594709,
      55.98041745623343,
      54.60974955398152,
      48.53117442111899,
      57.74902450715433,
      120.67351387504264,
      86.16231098606495,
      56.827279178255345,
      98.3808264527018,
      90.59286814702456,
      41.39458735253503,
      91.85203544884718,
      65.93921403331488,
      51.22072519879649,
      105.26206805522521,
      58.789740565376405,
      53.910264461427786,
      87.09499487250456
    ],
    [
      39.403041181133574,
      48.9705998067179,
      49.854699511760394,
      22.350097559500593,
      42.82823075756335,
      22.214349603958336,
      44.65563600031876,
      38.719003472004005,
      15.66919648138234,
      37.455848586366024,
      44.97999402539991,
      48.44679083341369,
      26.684877383613493,
      43.40663164036946,
      40.70027330304652,
      46.55789960871706,
      12.81976102613349,
      37.96890075920526,
      38.93889954305303,
      22.01564233793224,
      43.084102657344914,
      19.844460474791052,
      61.3260896806775,
      101.19536076594709,
      0.0,
      45.36018339659412,
      48.76595135688377,
      61.69664270521378,
      52.8104719479435,
      26.131618925331942,
      36.763233225860134,
      60.415196050329975,
      34.78052922312509,
      56.00435284223115,
      75.15732302932047,
      56.498801890670634,
      36.71108817013396,
      50.35738869707011,
      21.67094626093612,
      57.45022963428071,
      49.46753418935512,
      24.238089172194833
    ],
    [
      6.1881646292143655,
      18.713229668708163,
      29.563469793559193,
      23.022403969073906,
      21.76870053995066,
      23.247421510514858,
      26.630775565342994,
      25.52861567534977,
      32.09560266020519,
      18.605894768219535,
      20.890926168715662,
      16.537651460892764,
      23.133379618449204,
      13.38094276146519,
      25.37302149334879,
      20.079650244699657,
      32.585007092506274,
      25.63780383508835,
      24.11432412329581,
      26.686388151463056,
      16.169386906353843,
      39.186629741154526,
      34.44354540687728,
      55.98041745623343,
      45.36018339659412,
      0.0,
      8.18478523822986,
      22.709252384002752,
      19.716343808996914,
      65.31674058582846,
      41.33186340143719,
      33.11749031003887,
      47.885881160822116,
      56.12102805115392,
      38.86250150983111,
      57.344525734471056,
      14.493821920555622,
      8.619186450717983,
      50.756770247059926,
      26.294341714484272,
      13.597699613162288,
      35.94856375724369
    ],
    [
      10.711897880067855,
      11.395706960497975,
      22.80274695493673,
      26.78731584765245,
      16.446011689909508,
      27.576773682173023,
      20.87081344471337,
      21.409827463825454,
      37.142433832805466,
      26.558558522445516,
      14.86911819250952,
      9.223435366753025,
      29.597398049027674,
      8.411735963352882,
      20.671787743428418,
      13.54017667868007,
      36.39772747482431,
      21.740427457902467,
      32.18844548017921,
      32.49040063822212,
      24.352106050768956,
      45.41582479155966,
      41.76260290904214,
      54.60974955398152,
      48.76595135688377,
      8.18478523822986,
      0.0,
      15.060772247268178,
      11.699740374175073,
      66.13002826661383,
      49.09824315792285,
      40.44449523865009,
      45.21757285225777,
      64.28816119091002,
      43.951542698928236,
      65.50734322605214,
      22.2054442321185,
      15.163092433204309,
      50.66096457291079,
      18.18812717277017,
      21.108985518459953,
      42.702568743256556
    ],
    [
      25.690725965968795,
      13.709507094729293,
      21.512028829069102,
      40.64803642738448,
      21.389360970645953,
      41.73821715081218,
      23.204151700833403,
      27.168657507871455,
      51.490994370932896,
      41.31489059596728,
      18.89393540201171,
      13.518339997110607,
      44.587217038357814,
      18.290012613592882,
      25.496182581971247,
      16.90290609352285,
      49.95984174703784,
      27.82017697975576,
      46.76181435576579,
      47.25954620579517,
      38.39379167138619,
      60.263535692448464,
      52.75425856860529,
      48.53117442111899,
      61.69664270521378,
      22.709252384002752,
      15.060772247268178,
      0.0,
      9.884754687407955,
      75.79485401637714,
      64.01662000002878,
      51.5006807745457,
      50.46245229087794,
      78.4292593502332,
      50.43647366711685,
      79.67876145749794,
      37.12472502021245,
      27.155163987946132,
      59.59602412789604,
      10.539039848944286,
      33.57324360425919,
      57.71540126427964
    ],
    [
      20.294166432252883,
      3.9352086834694884,
      13.101006354588126,
      32.744197715923036,
      11.506873038663743,
      34.10548699953408,
      13.627960037626448,
      17.285507689407087,
      43.879957242160614,
      37.39142490651398,
      9.010052024053502,
      4.569768925982597,
      38.44314085191766,
      10.078159115814977,
      15.63718843716406,
      7.023509318989805,
      41.61270647002305,
      17.935422293270054,
      43.18230106208137,
      40.40344403474461,
      35.81277406469784,
      53.40390931907359,
      53.35462176054406,
      57.74902450715433,
      52.8104719479435,
      19.716343808996914,
      11.699740374175073,
      9.884754687407955,
      0.0,
      65.96000239421912,
      59.34661331128184,
      52.042155343142696,
      40.78004922261975,
      75.46520316938928,
      54.22123714717232,
      76.65965820591383,
      32.80568070535843,
      26.739147257214075,
      49.73209616079562,
      6.642557075895793,
      32.795870269433856,
      51.4840923966238
    ],
    [
      59.139364495805715,
      62.0870351546841,
      57.98969146009934,
      43.73638329538912,
      54.49612916995139,
      44.52628783760904,
      53.91772893125001,
      48.87289099245649,
      40.97987876163293,
      61.966677772009135,
      56.990828417408174,
      62.45264593309854,
      51.32425287594697,
      58.736831577714064,
      50.72983918684544,
      58.94912237435049,
      36.24342008452405,
      48.167275612985655,
      64.31512013764923,
      46.89169742164216,
      67.13497549120368,
      45.82149591602987,
      86.71801758416235,
      120.67351387504264,
      26.131618925331942,
      65.31674058582846,
      66.13002826661383,
      75.79485401637714,
      65.96000239421912,
      0.0,
      62.68924406067944,
      85.72640331969365,
      30.505233242089158,
      81.41345569357306,
      99.41702827331639,
      81.79294465508958,
      60.24583053050396,
      72.03870936288943,
      16.363472335333974,
      68.48767343764415,
      72.5808725295817,
      50.36127450713852
    ],
    [
      39.07197948927187,
      56.889568491881974,
      64.53222589510504,
      32.35303948054793,
      55.32947551221062,
      30.298698769939232,
      59.666686303683285,
      55.0160442836401,
      25.096703320481858,
      22.797100117282163,
      56.11098325368558,
      55.11031418239026,
      22.15167192498399,
      49.904329354419346,
      56.29441188501497,
      56.50665348959486,
      31.291396018889547,
      54.54937939904636,
      17.947020857586793,
      22.850751608302268,
      26.978016874442876,
      16.918820151189585,
      32.39656107671195,
      86.16231098606495,
      36.763233225860134,
      41.33186340143719,
      49.09824315792285,
      64.01662000002878,
      59.34661331128184,
      62.68924406067944,
      0.0,
      32.09360432841057,
      65.1991124679046,
      20.00808388406625,
      49.54978601535307,
      20.774505590349385,
      26.90121016994699,
      39.407164597862476,
      56.671534659643605,
      65.88873853426614,
      34.13414779440684,
      13.08991688802236
    ],
    [
      36.08969806341473,
      51.677619911604125,
      62.68094590159681,
      43.73605351894992,
      54.636546360311534,
      42.32633503752561,
      59.559958264492124,
      57.58644407585726,
      44.87352454521305,
      24.18077516132544,
      53.96183429772934,
      49.48360539946783,
      34.462762193792905,
      46.419364023939785,
      57.82190257886215,
      53.197033483861595,
      49.551489297605386,
      57.524342073637335,
      21.48273874047072,
      38.83471024110225,
      20.28777464013517,
      43.607299246413504,
      1.3261511184277484,
      56.827279178255345,
      60.415196050329975,
      33.11749031003887,
      40.44449523865009,
      51.5006807745457,
      52.042155343142696,
      85.72640331969365,
      32.09360432841057,
      0.0,
      77.00181800597898,
      33.858788636074074,
      17.52004137653335,
      35.13653929572625,
      27.223313152773933,
      25.30440049289145,
      74.76546150194193,
      58.24864343692881,
      19.519799645481466,
      38.38591553850576
    ],
    [
      42.58450739930214,
      37.38727277770569,
      29.96397095496011,
      34.55975897207416,
      29.78698317373528,
      36.43696340552584,
      27.259950924475937,
      24.10390622886866,
      40.19081575816972,
      53.54132039847037,
      32.11355911789187,
      38.5316721972506,
      45.52078707286447,
      36.82261078090156,
      25.36768645285423,
      34.07816311815808,
      34.04841440019166,
      23.64343843598558,
      58.196661831001364,
      42.94812595663423,
      56.71404385748854,
      50.17080759730245,
      78.23992123865636,
      98.3808264527018,
      34.78052922312509,
      47.885881160822116,
      45.21757285225777,
      50.46245229087794,
      40.78004922261975,
      30.505233242089158,
      65.1991124679046,
      77.00181800597898,
      0.0,
      85.17247555004259,
      86.41311086278868,
      85.97172130732234,
      49.86158454162128,
      56.24921807284394,
      16.049004105796243,
      41.38725569352074,
      59.340673494858,
      52.35672308102025
    ],
    [
      55.448810195606576,
      73.57815780180985,
      82.39142864184159,
      51.79897646776068,
      73.21951662593358,
      49.75312873980219,
      77.82881257257462,
      73.65014695169555,
      45.10477505771268,
      38.15541161006703,
      73.6487163422139,
      71.60179373854177,
      41.05573590466613,
      66.81500669572166,
      74.73899566484612,
      73.73888942264355,
      51.29947228030925,
      73.25471157862748,
      32.3099775025098,
      42.51809049876108,
      40.060228568897294,
      36.378450286771596,
      33.36003526748534,
      90.59286814702456,
      56.00435284223115,
      56.12102805115392,
      64.28816119091002,
      78.4292593502332,
      75.46520316938928,
      81.41345569357306,
      20.00808388406625,
      33.858788636074074,
      85.17247555004259,
      0.0,
      49.899356093992175,
      1.305385856389876,
      42.83504089572497,
      51.67660262504529,
      76.49802768503827,
      82.10764314166889,
      45.41381121256697,
      33.0527734594738
    ],
    [
      43.8316405639045,
      55.131440244408545,
      66.62548110897164,
      55.94018156660524,
      60.121706054388895,
      54.950953066488125,
      64.75612040955086,
      64.33994106314337,
      59.49743901167626,
      37.7150574584059,
      58.77484425131849,
      53.04019001666842,
      48.49870945144946,
      51.68151149617031,
      64.03878796968444,
      57.49058491283291,
      63.32021999645954,
      64.47940073274361,
      36.891480513545005,
      53.14702103491063,
      32.29546122925406,
      59.93001546786643,
      17.432021093633296,
      41.39458735253503,
      75.15732302932047,
      38.86250150983111,
      43.951542698928236,
      50.43647366711685,
      54.22123714717232,
      99.41702827331639,
      49.54978601535307,
      17.52004137653335,
      86.41311086278868,
      49.899356093992175,
      0.0,
      51.113118762307806,
      39.18831677230019,
      30.28642948496397,
      86.89909874559926,
      59.39607366320107,
      27.392925696217844,
      54.7758643588426
    ],
    [
      56.61547839003967,
      74.74719780419987,
      83.50039965192263,
      52.73258193368653,
      74.32138711086405,
      50.68361880692043,
      78.9139323728646,
