{
  "name": "c-n23-k6",
  "n": 24,
  "m": 6,
  "prob_compat": 0.7,
  "layout": "C",
  "coords": [
    [
      50.0,
      50.0
    ],
    [
      60.6574726773862,
      23.64939131469826
    ],
    [
      23.56706775690656,
      37.034342282421704
    ],
    [
      54.16757990299779,
      11.674373739184071
    ],
    [
      36.22782317032208,
      52.22137670912959
    ],
    [
      36.66090225310607,
      52.46176084473216
    ],
    [
      55.885638887814004,
      12.529688442325373
    ],
    [
      14.72273217496069,
      46.49564893862712
    ],
    [
      40.656931210672006,
      77.30281135389487
    ],
    [
      18.43042992637953,
      42.317199339493115
    ],
    [
      40.406885484620005,
      81.67361228938834
    ],
    [
      12.581081956724132,
      37.51886456954079
    ],
    [
      12.78467239459632,
      34.72359399056746
    ],
    [
      23.372306094226463,
      48.46260195072524
    ],
    [
      53.12516615669263,
      21.175454334753482
    ],
    [
      40.69641289553368,
      44.148802573245824
    ],
    [
      34.83508285607215,
      50.67352893834824
    ],
    [
      40.801666436391066,
      85.30406054958686
    ],
    [
      38.41784825860012,
      50.93616431686423
    ],
    [
      48.58996231165157,
      16.657645829328818
    ],
    [
      28.779007753188175,
      53.03928500401344
    ],
    [
      56.71863703408878,
      23.226703486363895
    ],
    [
      59.36867891191894,
      17.49856095126036
    ],
    [
      51.93741108333131,
      19.65507767275959
    ]
  ],
  "c": [
    [
      0.0,
      28.424220340321263,
      29.44160639328918,
      38.55155445026328,
      13.950174519043864,
      13.564357528384713,
      37.92973758605447,
      35.450897048747564,
      28.857173150336216,
      32.49097075530859,
      33.09449442979431,
      39.445584913433095,
      40.2287110077187,
      26.672039207782426,
      28.99346644185236,
      10.990597997254136,
      15.179866706034984,
      36.482681256129055,
      11.61992437965851,
      33.37215587769297,
      21.437531697349595,
      27.603432572832467,
      33.82477915365558,
      30.406707693403252
    ],
    [
      28.424220340321263,
      0.0,
      39.43165035315541,
      13.620563650485712,
      37.59210188879568,
      37.49650690481264,
      12.10033841200984,
      51.30255229951136,
      57.260030919169246,
      46.16936425754572,
      61.45646020860208,
      50.03700263897263,
      49.13698171257689,
      44.787041308863145,
      7.928177956026291,
      28.612405868115264,
      37.377798629478946,
      64.77307527008008,
      35.20183056547486,
      13.946659505390414,
      43.3589941879718,
      3.961450646560203,
      6.28440160474304,
      9.591351087010029
    ],
    [
      29.44160639328918,
      39.43165035315541,
      0.0,
      39.743167313603465,
      19.772221481572096,
      20.234963437342447,
      40.55820631840703,
      12.951393574779152,
      43.74486294673397,
      7.368420922249938,
      47.70999777674993,
      10.996665214896971,
      11.027221201076756,
      11.429919122698248,
      33.5437849377218,
      18.54804599163809,
      17.69168100860481,
      51.25423975862277,
      20.342230393612034,
      32.27003269659601,
      16.832186728000387,
      35.912079230562696,
      40.78482700114908,
      33.2703354180848
    ],
    [
      38.55155445026328,
      13.620563650485712,
      39.743167313603465,
      0.0,
      44.33840684409347,
      44.38574894304532,
      1.9191899115818172,
      52.615750672240544,
      67.00469723709996,
      47.07575436700151,
      71.33898028766865,
      48.96299130686171,
      47.36888839782598,
      47.976271467274636,
      9.558093894809337,
      35.15765732584483,
      43.52791688466015,
      74.83300356523732,
      42.30298152892011,
      7.479493212759162,
      48.53488930401816,
      11.83064728041818,
      7.808494578464762,
      8.286452089984005
    ],
    [
      13.950174519043864,
      37.59210188879568,
      19.772221481572096,
      44.33840684409347,
      0.0,
      1.0,
      44.292886971296376,
      22.254278177929674,
      25.469498657663525,
      20.367619783586676,
      29.747247645821698,
      27.84478825988138,
      29.253268507286894,
      13.39375626843358,
      35.346421262623366,
      9.226849262430067,
      2.082200351659227,
      33.39736534983287,
      2.539287455275529,
      37.6510483020126,
      7.493585596853592,
      35.50442969679276,
      41.727366782584404,
      36.157364192137116
    ],
    [
      13.564357528384713,
      37.49650690481264,
      20.234963437342447,
      44.38574894304532,
      1.0,
      0.0,
      44.3188549606704,
      22.73494661647134,
      25.16040615388548,
      20.86293961523927,
      29.45105524757042,
      28.339511191923826,
      29.74419129178973,
      13.877321778113549,
      35.35399497826628,
      9.240704592649827,
      2.555658392977198,
      33.102304722255745,
      2.326865709933465,
      37.73906630955006,
      7.9030244250153725,
      35.454214182397635,
      41.69014832760125,
      36.1890892782084
    ],
    [
      37.92973758605447,
      12.10033841200984,
      40.55820631840703,
      1.9191899115818172,
      44.292886971296376,
      44.3188549606704,
      0.0,
      53.36732484851939,
      66.53924397852091,
      47.85591378078166,
      70.85530334340072,
      49.99743567939257,
      48.47950862100156,
      48.45916923089706,
      9.075763194681642,
      35.07821210764222,
      43.566942479723515,
      74.32116428394704,
      42.19219238872979,
      8.382537139367862,
      48.742146701385614,
      10.729399646023243,
      6.0680525557683485,
      8.146144761866077
    ],
    [
      35.450897048747564,
      51.30255229951136,
      12.951393574779152,
      52.615750672240544,
      22.254278177929674,
      22.73494661647134,
      53.36732484851939,
      0.0,
      40.269888697444586,
      5.586274578677588,
      43.55645574127426,
      9.228722732119834,
      11.930521925397981,
      8.870402084271294,
      45.99846943648573,
      26.079489604610146,
      20.541697379040375,
      46.75685643814907,
      24.10760674645055,
      45.13641220436199,
      15.50477526722974,
      48.011455376788355,
      53.23618761506503,
      45.88407776267535
    ],
    [
      28.857173150336216,
      57.260030919169246,
      43.74486294673397,
      67.00469723709996,
      25.469498657663525,
      25.16040615388548,
      66.53924397852091,
      40.269888697444586,
      0.0,
      41.448889096849236,
      4.377947428056615,
      48.69307684949394,
      50.89059405021513,
      33.62314595386241,
      57.49553972808091,
      33.154032289161954,
      27.25825746871758,
      8.002558152061487,
      26.461548867018642,
      61.161827016130935,
      27.014880651101066,
      56.4110258376749,
      62.663209846417296,
      58.741045485491405
    ],
    [
      32.49097075530859,
      46.16936425754572,
      7.368420922249938,
      47.07575436700151,
      20.367619783586676,
      20.86293961523927,
      47.85591378078166,
      5.586274578677588,
      41.448889096849236,
      0.0,
      45.076510947343735,
      7.565638653454524,
      9.462421481994934,
      7.885944034322844,
      40.62878417989435,
      22.34118994119508,
      18.410347147959346,
      48.45969933545539,
      21.766567227478415,
      39.59810702595842,
      14.901549719234836,
      42.78356969025821,
      47.87384506646483,
      40.45107593983323
    ],
    [
      33.09449442979431,
      61.45646020860208,
      47.70999777674993,
      71.33898028766865,
      29.747247645821698,
      29.45105524757042,
      70.85530334340072,
      43.55645574127426,
      4.377947428056615,
      45.076510947343735,
      0.0,
      52.19115909975985,
      54.47284529240502,
      37.324899232582105,
      61.82056113590013,
      37.52592664218133,
      31.4968276545897,
      3.6518497463422186,
      30.80173658984376,
      65.5289145423048,
      30.905213793518623,
      60.68042837060936,
      66.91776164988575,
      63.08130988316996
    ],
    [
      39.445584913433095,
      50.03700263897263,
      10.996665214896971,
      48.96299130686171,
      27.84478825988138,
      28.339511191923826,
      49.99743567939257,
      9.228722732119834,
      48.69307684949394,
      7.565638653454524,
      52.19115909975985,
      0.0,
      2.802674914446355,
      15.369317039287946,
      43.714183301494785,
      28.886465892035908,
      25.85122338853917,
      55.49618314105421,
      29.112925401740032,
      41.61526056319304,
      22.43337358870822,
      46.393853435933444,
      50.89097941492074,
      43.22077653878329
    ],
    [
      40.2287110077187,
      49.13698171257689,
      11.027221201076756,
      47.36888839782598,
      29.253268507286894,
      29.74419129178973,
      48.47950862100156,
      11.930521925397981,
      50.89059405021513,
      9.462421481994934,
      54.47284529240502,
      2.802674914446355,
      0.0,
      17.345268146869987,
      42.5547591357673,
      29.460139419538752,
      27.21435331507992,
      57.82158379416844,
      30.32997100987842,
      40.10482849993178,
      24.31631758435326,
      45.413343195693265,
      49.66660272669329,
      41.9523197314333
    ],
    [
      26.672039207782426,
      44.787041308863145,
      11.429919122698248,
      47.976271467274636,
      13.39375626843358,
      13.877321778113549,
      48.45916923089706,
      8.870402084271294,
      33.62314595386241,
      7.885944034322844,
      37.324899232582105,
      15.369317039287946,
      17.345268146869987,
      0.0,
      40.371042925747254,
      17.853110136114683,
      11.67405024987083,
      40.75629612254597,
      15.247519463805402,
      40.589227868785464,
      7.083674936025424,
      41.81899518704836,
      47.48168795490375,
      40.568937354386826
    ],
    [
      28.99346644185236,
      7.928177956026291,
      33.5437849377218,
      9.558093894809337,
      35.346421262623366,
      35.35399497826628,
      9.075763194681642,
      45.99846943648573,
      57.49553972808091,
      40.62878417989435,
      61.82056113590013,
      43.714183301494785,
      42.5547591357673,
      40.371042925747254,
      0.0,
      26.119889680352944,
      34.708263460779456,
      65.30196612976856,
      33.196461534248776,
      6.4014582407263,
      40.100363264287296,
      4.137711448213457,
      7.245757136300469,
      1.9293282013776814
    ],
    [
      10.990597997254136,
      28.612405868115264,
      18.54804599163809,
      35.15765732584483,
      9.226849262430067,
      9.240704592649827,
      35.07821210764222,
      26.079489604610146,
      33.154032289161954,
      22.34118994119508,
      37.52592664218133,
      28.886465892035908,
      29.460139419538752,
      17.853110136114683,
      26.119889680352944,
      0.0,
      8.77081774813254,
      41.15539256776742,
      7.15961844258609,
      28.601954854577833,
      14.86826227837641,
      26.35234138643857,
      32.540573084948306,
      26.950001850811976
    ],
    [
      15.179866706034984,
      37.377798629478946,
      17.69168100860481,
      43.52791688466015,
      2.082200351659227,
      2.555658392977198,
      43.566942479723515,
      20.541697379040375,
      27.25825746871758,
      18.410347147959346,
      31.4968276545897,
      25.85122338853917,
      27.21435331507992,
      11.67405024987083,
      34.708263460779456,
      8.77081774813254,
      0.0,
      35.1407717515983,
      3.5923787761871147,
      36.691647721572735,
      6.501757255850362,
      35.10296527152492,
      41.26106925875488,
      35.42081238069793
    ],
    [
      36.482681256129055,
      64.77307527008008,
      51.25423975862277,
      74.83300356523732,
      33.39736534983287,
      33.102304722255745,
      74.32116428394704,
      46.75685643814907,
      8.002558152061487,
      48.45969933545539,
      3.6518497463422186,
      55.49618314105421,
      57.82158379416844,
      40.75629612254597,
      65.30196612976856,
      41.15539256776742,
      35.1407717515983,
      0.0,
      34.450469961496275,
      69.08681355067884,
      34.43196280810937,
      64.0854758347229,
      70.30163389313981,
      66.58673863168116
    ],
    [
      11.61992437965851,
      35.20183056547486,
      20.342230393612034,
      42.30298152892011,
      2.539287455275529,
      2.326865709933465,
      42.19219238872979,
      24.10760674645055,
      26.461548867018642,
      21.766567227478415,
      30.80173658984376,
      29.112925401740032,
      30.32997100987842,
      15.247519463805402,
      33.196461534248776,
      7.15961844258609,
      3.5923787761871147,
      34.450469961496275,
      0.0,
      35.75596081786355,
      9.865615181704834,
      33.207425213679,
      39.45897393368823,
      34.07763138200534
    ],
    [
      33.37215587769297,
      13.946659505390414,
      32.27003269659601,
      7.479493212759162,
      37.6510483020126,
      37.73906630955006,
      8.382537139367862,
      45.13641220436199,
      61.161827016130935,
      39.59810702595842,
      65.5289145423048,
      41.61526056319304,
      40.10482849993178,
      40.589227868785464,
      6.4014582407263,
      28.601954854577833,
      36.691647721572735,
      69.08681355067884,
      35.75596081786355,
      0.0,
      41.42580825469128,
      10.451213864649448,
      10.811469363188918,
      4.4933296045397135
    ],
    [
      21.437531697349595,
      43.3589941879718,
      16.832186728000387,
      48.53488930401816,
      7.493585596853592,
      7.9030244250153725,
      48.742146701385614,
      15.50477526722974,
      27.014880651101066,
      14.901549719234836,
      30.905213793518623,
      22.43337358870822,
      24.31631758435326,
      7.083674936025424,
      40.100363264287296,
      14.86826227837641,
      6.501757255850362,
      34.43196280810937,
      9.865615181704834,
      41.42580825469128,
      0.0,
      40.85844956799827,
      46.89212138294904,
      40.630246663510775
    ],
    [
      27.603432572832467,
      3.961450646560203,
      35.912079230562696,
      11.83064728041818,
      35.50442969679276,
      35.454214182397635,
      10.729399646023243,
      48.011455376788355,
      56.4110258376749,
      42.78356969025821,
      60.68042837060936,
      46.393853435933444,
      45.413343195693265,
      41.81899518704836,
      4.137711448213457,
      26.35234138643857,
      35.10296527152492,
      64.0854758347229,
      33.207425213679,
      10.451213864649448,
      40.85844956799827,
      0.0,
      6.311445068818708,
      5.967967203713612
    ],
    [
      33.82477915365558,
      6.28440160474304,
      40.78482700114908,
      7.808494578464762,
      41.727366782584404,
      41.69014832760125,
      6.0680525557683485,
      53.23618761506503,
      62.663209846417296,
      47.87384506646483,
      66.91776164988575,
      50.89097941492074,
      49.66660272669329,
      47.48168795490375,
      7.245757136300469,
      32.540573084948306,
      41.26106925875488,
      70.30163389313981,
      39.45897393368823,
      10.811469363188918,
      46.89212138294904,
      6.311445068818708,
      0.0,
      7.73784892010094
    ],
    [
      30.406707693403252,
      9.591351087010029,
      33.2703354180848,
      8.286452089984005,
      36.157364192137116,
      36.1890892782084,
      8.146144761866077,
      45.88407776267535,
      58.741045485491405,
      40.45107593983323,
      63.08130988316996,
      43.22077653878329,
      41.9523197314333,
      40.568937354386826,
      1.9293282013776814,
      26.950001850811976,
      35.42081238069793,
      66.58673863168116,
      34.07763138200534,
      4.4933296045397135,
      40.630246663510775,
      5.967967203713612,
      7.73784892010094,
      0.0
    ]
  ],
  "u": [
    [
      1.0,
      1.0,
      0.0,
      1.0,
      1.0,
      1.0,
      1.0,
      1.0,
      1.0,
      1.0,
      1.0,
      1.0,
      0.0,
      0.0,
      1.0,
      1.0,
      0.0,
      1.0,
      1.0,
      1.0,
      1.0,
      1.0,
      1.0,
      1.0
    ],
    [
      1.0,
      0.0,
      1.0,
      0.0,
      1.0,
      1.0,
      1.0,
      1.0,
      0.0,
      1.0,
      1.0,
      1.0,
      0.0,
      1.0,
      1.0,
      1.0,
      0.0,
      0.0,
      1.0,
      0.0,
      1.0,
      0.0,
      1.0,
      1.0
    ],
    [
      1.0,
      0.0,
      1.0,
      0.0,
      0.0,
      1.0,
      1.0,
      0.0,
      1.0,
      1.0,
      1.0,
      1.0,
      0.0,
      1.0,
      0.0,
      0.0,
      0.0,
      1.0,
      1.0,
      1.0,
      0.0,
      1.0,
      1.0,
      1.0
    ],
    [
      1.0,
      1.0,
      1.0,
      0.0,
      0.0,
      0.0,
      1.0,
      1.0,
      1.0,
      1.0,
      1.0,
      1.0,
      1.0,
      1.0,
      1.0,
      0.0,
      0.0,
      1.0,
      1.0,
      0.0,
      0.0,
      1.0,
      1.0,
      1.0
    ],
    [
      1.0,
      1.0,
      1.0,
      1.0,
      1.0,
      1.0,
      1.0,
      0.0,
      1.0,
      1.0,
      0.0,
      1.0,
      1.0,
      1.0,
      1.0,
      0.0,
      1.0,
      0.0,
      0.0,
      1.0,
      0.0,
      1.0,
      1.0,
      1.0
    ],
    [
      1.0,
      0.0,
      1.0,
      1.0,
      1.0,
      1.0,
      0.0,
      1.0,
      1.0,
      0.0,
      0.0,
      0.0,
      1.0,
      0.0,
      0.0,
      1.0,
      1.0,
      0.0,
      1.0,
      0.0,
      1.0,
      1.0,
      1.0,
      0.0
    ]
  ]
}