{
  "name": "r-n101-k22",
  "n": 102,
  "m": 22,
  "prob_compat": 0.7,
  "layout": "R",
  "coords": [
    [
      50.0,
      50.0
    ],
    [
      18.282131145261783,
      18.13738421411233
    ],
    [
      40.403737391384496,
      90.44890551008497
    ],
    [
      18.17340684353307,
      4.415838736801614
    ],
    [
      55.40698169343082,
      7.207939712841204
    ],
    [
      19.489265514553278,
      35.54750087761109
    ],
    [
      58.89174646055437,
      4.407352536214071
    ],
    [
      35.03328671713879,
      44.11134229311857
    ],
    [
      51.671914243860414,
      89.79442309725782
    ],
    [
      86.55386344078829,
      4.010722320553928
    ],
    [
      42.52161327544472,
      68.14465200814794
    ],
    [
      23.187982565034982,
      37.218017024531605
    ],
    [
      41.51417852309176,
      73.6407397199192
    ],
    [
      59.08044333130231,
      88.49306517542995
    ],
    [
      26.695046331542038,
      13.550599194464718
    ],
    [
      63.738504107095096,
      32.05958494251564
    ],
    [
      7.6357041761654365,
      23.35773922896296
    ],
    [
      11.589368412467572,
      15.017017812181798
    ],
    [
      6.605883961942505,
      98.16292351960227
    ],
    [
      84.0464393902215,
      50.574420545921726
    ],
    [
      54.65601329048664,
      14.024198611768291
    ],
    [
      2.798492797294294,
      47.51587778802989
    ],
    [
      58.29086683941007,
      61.0725876410284
    ],
    [
      53.47943036029233,
      30.718676311175706
    ],
    [
      60.05915619812983,
      58.37331459360728
    ],
    [
      43.067753138220375,
      44.114046459853725
    ],
    [
      58.182087007978176,
      0.12920950373460638
    ],
    [
      13.904112106983613,
      6.653691677920593
    ],
    [
      34.61549257791952,
      5.802525781793633
    ],
    [
      47.62217600685581,
      59.887989531968145
    ],
    [
      92.80885202931515,
      24.984185640596202
    ],
    [
      99.41064018269063,
      10.689573540276953
    ],
    [
      2.157918287642102,
      86.7666398373038
    ],
    [
      91.94986471233307,
      66.45543722754542
    ],
    [
      84.1552479879287,
      81.0742070507455
    ],
    [
      47.1535860000892,
      41.98207865452902
    ],
    [
      9.568261594269146,
      12.187545262740384
    ],
    [
      77.53976939725132,
      32.25200450232417
    ],
    [
      78.80033212907811,
      67.59394730465327
    ],
    [
      66.7123487442678,
      63.70803169755693
    ],
    [
      60.3723415418371,
      11.052686614633656
    ],
    [
      23.55248064232883,
      33.79977447491852
    ],
    [
      39.521811992575536,
      63.179865873911446
    ],
    [
      34.51308050584549,
      93.04880316064082
    ],
    [
      38.5528081176592,
      50.93897661309567
    ],
    [
      85.4252728728873,
      4.126328811637203
    ],
    [
      71.27449269183953,
      54.212733490843455
    ],
    [
      8.186609884805085,
      44.393960186293654
    ],
    [
      34.50846768342678,
      38.01547284552256
    ],
    [
      15.017351837957637,
      30.36987139722799
    ],
    [
      5.409681011471379,
      69.02661379330006
    ],
    [
      80.50481913695036,
      84.02605104377379
    ],
    [
      73.86152859381612,
      97.60094158336123
    ],
    [
      93.23415241544862,
      76.89984327595593
    ],
    [
      25.74602246227392,
      31.765404347300485
    ],
    [
      13.733623627433488,
      77.0700897697233
    ],
    [
      94.22261281077718,
      31.680321238826625
    ],
    [
      17.764064629630127,
      15.582575190787773
    ],
    [
      21.96081566444511,
      26.814694665293494
    ],
    [
      25.208343148236935,
      25.060668287418018
    ],
    [
      30.205560363866557,
      74.30173807112027
    ],
    [
      37.541075967269336,
      70.31066398481708
    ],
    [
      91.83055429200151,
      21.332406760737367
    ],
    [
      53.39827723845201,
      10.190987349777714
    ],
    [
      7.723344404289989,
      91.44243483193219
    ],
    [
      95.67544992289386,
      58.03101865020255
    ],
    [
      5.075878052176508,
      7.811343756222822
    ],
    [
      98.35683629094805,
      40.357369730611566
    ],
    [
      37.657567744963124,
      10.561990490332729
    ],
    [
      7.416951708307895,
      85.98019595964725
    ],
    [
      90.50931143286309,
      65.47067538502944
    ],
    [
      72.55078379312167,
      27.356710190856514
    ],
    [
      1.944093863042018,
      80.40416033013196
    ],
    [
      60.68290124064373,
      19.372459662183218
    ],
    [
      99.34456909019177,
      2.8788531416376717
    ],
    [
      32.60857140174333,
      26.526289973068273
    ],
    [
      56.34568698946614,
      76.14480503053066
    ],
    [
      2.4920478636195953,
      32.749083575311666
    ],
    [
      9.929271626467063,
      91.31566624286361
    ],
    [
      97.77303627270693,
      43.82037897967545
    ],
    [
      25.62231231285982,
      36.39594925452585
    ],
    [
      3.0589767295343573,
      95.78346220468254
    ],
    [
      71.92380357624513,
      92.94596263372821
    ],
    [
      83.87742207024314,
      92.15506716553924
    ],
    [
      99.82362653977583,
      79.38099169794054
    ],
    [
      57.594495314952745,
      8.052246056531997
    ],
    [
      77.44332942878768,
      99.56961502387468
    ],
    [
      27.57753982458241,
      95.28977613774751
    ],
    [
      6.205655730263349,
      58.90726763941407
    ],
    [
      76.96457742624384,
      1.705957726420515
    ],
    [
      47.908258542325235,
      93.48768066407393
    ],
    [
      95.52311360025439,
      69.61074967113639
    ],
    [
      57.97004872046404,
      5.830883104824192
    ],
    [
      60.53887466906459,
      15.879571264112059
    ],
    [
      75.59446361679485,
      58.688257564320324
    ],
    [
      99.01265052934765,
      49.520586501075314
    ],
    [
      28.428954498298175,
      44.93341935094936
    ],
    [
      92.50857761480913,
      78.70102762778764
    ],
    [
      59.888092616359124,
      91.06513271584019
    ],
    [
      19.127957550753415,
      4.1598853728156415
    ],
    [
      30.43114005024854,
      71.32618266901046
    ],
    [
      62.09592377881028,
      34.454256369393676
    ]
  ],
  "c": [
    [
      0.0,
      44.95830834679471,
      41.57165155508371,
      55.59539360429552,
      43.132306623376046,
      33.76062276860544,
      46.451616310693076,
      16.083494523274105,
      39.829529332925716,
      58.74690284538408,
      19.625357690977044,
      29.70291850505657,
      25.117598226003263,
      39.54959567040971,
      43.26291350072864,
      22.596570260450598,
      50.04541557067247,
      51.95368766224732,
      64.82836191574994,
      34.05128476453719,
      36.27584244764941,
      47.26682922908075,
      13.832594478877937,
      19.592750670218333,
      13.088125179027378,
      9.093981285961277,
      50.5375335026208,
      56.407584312200235,
      46.798502068859705,
      10.169876298494678,
      49.58214174611614,
      63.14048615356565,
      60.33780396648476,
      45.0618748359712,
      46.1756137907176,
      8.508180496501435,
      55.357991327059175,
      32.763245300783346,
      33.749164619352065,
      21.615104292398293,
      40.30482215564852,
      31.014812384373577,
      16.83749649957586,
      45.749799223406676,
      11.4856379479361,
      57.95984529324205,
      21.687580841578608,
      42.18752511487656,
      19.586129393829694,
      40.113933008253056,
      48.479981228731226,
      45.69809777454147,
      53.24680447178096,
      50.91948058801497,
      30.343959942927178,
      45.25527389528792,
      47.867004436506164,
      47.156279112122924,
      36.38343361568279,
      35.165274287651556,
      31.343170129804466,
      23.82746019947362,
      50.71120363891891,
      39.953795519010946,
      59.201275435223735,
      46.37611439328101,
      61.6283980680864,
      49.308862637275226,
      41.32423293970235,
      55.748457405628706,
      43.36295780540861,
      31.957102857815194,
      56.86636158595418,
      32.43717937894634,
      68.2296781462734,
      29.21432612806147,
      26.90387655065235,
      50.54304733278548,
      57.55560397977904,
      48.171056773421626,
      27.91669489135814,
      65.57122140944143,
      48.21834578028739,
      54.08076750432192,
      57.8414767682284,
      42.62968941935391,
      56.65935989536156,
      50.53642788054446,
      44.690983506926415,
      55.311869927694374,
      43.5379575987003,
      49.567483036015076,
      44.882430458992246,
      35.710944210578624,
      27.028917613093665,
      49.014995146535654,
      22.15807400271569,
      51.290624462227804,
      42.23883876906732,
      55.2666184420712,
      28.94384817132976,
      19.697246434243674
    ],
    [
      44.95830834679471,
      0.0,
      75.6195845998006,
      13.72197621553443,
      38.7002233240359,
      17.451914955733713,
      42.86787405426278,
      30.90708189530677,
      79.05446753265805,
      69.71794608913082,
      55.57228919312079,
      19.701216373588185,
      60.169348490487394,
      81.32910992234167,
      9.582052950595122,
      47.54060912490756,
      11.857424412130069,
      7.38442682134341,
      80.87287363152423,
      73.32874992067707,
      36.605704447722864,
      33.209018973215166,
      58.686715917274505,
      37.37831969021641,
      58.00215440629364,
      35.90423427685318,
      43.77557348849018,
      12.289924530497002,
      20.46771673233668,
      51.02892588412694,
      74.84056931573474,
      81.46965608414871,
      70.49797846513889,
      88.09976853498499,
      91.10604365977812,
      37.44503115756717,
      10.551403039358295,
      60.915434801731934,
      78.15628114903014,
      66.4993976570273,
      42.68230021102466,
      16.52534576046842,
      49.79908831062158,
      76.64962104099497,
      38.559626668684494,
      68.5894390890262,
      64.10632736104414,
      28.130540899585682,
      25.659937745208754,
      12.660668489874071,
      52.49203424911437,
      90.62548933661631,
      96.97178131044247,
      95.24091603655114,
      15.53810176124326,
      59.10797496737712,
      77.13862779986339,
      2.6068068705370755,
      9.424883896253414,
      9.793072810402528,
      57.416050094954116,
      55.61436934542512,
      73.61778804368765,
      36.004012825847425,
      74.06158534302688,
      87.07024669734535,
      16.7640159954766,
      83.10045824495813,
      20.80370480225399,
      68.70734480197365,
      86.35511580310967,
      55.04618635000557,
      64.37455141682709,
      42.4187542962292,
      82.48600860791665,
      16.601826112063076,
      69.38079815970632,
      21.513449009009904,
      73.65345357021748,
      83.53693924311824,
      19.67875648785186,
      79.12431900296389,
      92.05298705830647,
      98.90075622072308,
      101.97938482265312,
      40.585366676523755,
      100.65413849910531,
      77.71033523318373,
      42.520873144395274,
      60.93948865834668,
      80.96526786001594,
      92.82066969207254,
      41.5521452034544,
      42.31701894691591,
      70.20738410446691,
      86.61594625592161,
      28.652844940988484,
      95.79937504511912,
      83.96137523567434,
      14.003067384208261,
      54.55865374483888,
      46.753489087632644
    ],
    [
      41.57165155508371,
      75.6195845998006,
      0.0,
      88.85874281511622,
      84.58224238245751,
      58.750143527530106,
      88.0054277729342,
      46.647738480347186,
      11.28716779388763,
      97.98670138076282,
      22.404578160254523,
      55.94559592320377,
      16.84480681802811,
      18.778835325462143,
      78.11067612551543,
      62.87944094868377,
      74.66571230327119,
      80.74798784689465,
      34.66700117242911,
      59.115649272562095,
      77.74228703091865,
      57.073630429157916,
      34.39356700655336,
      61.14469745424683,
      37.618865228895245,
      46.41137945702741,
      92.05279573032739,
      87.88553920521744,
      84.8440532926539,
      31.401838186113302,
      83.85657748683337,
      99.21373701908769,
      38.42267246563062,
      56.85674772630485,
      44.74460471032303,
      48.934586558863174,
      84.11698446448929,
      69.03596280235305,
      44.68386288161209,
      37.512895963583084,
      81.86882634197154,
      59.10235952195185,
      27.283297364656402,
      6.438890147883713,
      39.55326055613473,
      97.35772134233429,
      47.603189971142,
      56.20499349303942,
      52.76380450572878,
      65.22238044874683,
      41.030458982560376,
      40.61218803093438,
      34.2136728829127,
      54.5401672076568,
      60.486377934751545,
      29.837688898382165,
      79.68825414486193,
      78.21459069916202,
      66.25295579568801,
      67.13063066359835,
      19.098005942677798,
      20.340688340347306,
      86.14991524022618,
      81.30308415591381,
      32.69549183456805,
      64.07715345289573,
      89.87226634571003,
      76.60106806571864,
      79.93410185333943,
      33.28809689284446,
      55.98643166166536,
      70.81001131588043,
      39.74973064131837,
      73.91282460300657,
      105.5582100698933,
      64.396159744967,
      21.418521132817766,
      69.04031904730877,
      30.486789562448383,
      73.92872202690648,
      56.03759994251561,
      37.72384715294485,
      31.618821397653843,
      43.5071516782169,
      60.44188897246819,
      84.17084796466948,
      38.14601840732785,
      13.70931699452623,
      46.522937448803155,
      95.97919464857354,
      8.096418476179302,
      58.926856122002974,
      86.4221326367694,
      77.2399466796725,
      47.403860288024944,
      71.48518724964335,
      47.064369810282365,
      53.41279818026744,
      19.494097427224194,
      88.87324571589065,
      21.56690118178744,
      60.0495768732465
    ],
    [
      55.59539360429552,
      13.72197621553443,
      88.85874281511622,
      0.0,
      37.33811623479872,
      31.159458783676094,
      40.71834050133535,
      43.127584582746884,
      91.71506236952206,
      68.38165663216867,
      68.22167395648623,
      33.18326189642455,
      73.05394266375855,
      93.50061839273614,
      12.492485268451558,
      53.2949790592303,
      21.67576461767356,
      12.479365362470404,
      94.45805148789454,
      80.43550889704314,
      37.72666368299969,
      45.76025948513222,
      69.42188266618383,
      44.02674824501423,
      68.3068459221612,
      46.85804278736368,
      40.237664925821036,
      4.820255525758334,
      16.500457092385748,
      62.804374999488395,
      77.4177406828352,
      81.47912511180436,
      83.89368459889187,
      96.3943852958227,
      101.14400028355877,
      47.445475711624454,
      11.595169127108441,
      65.56841562356963,
      87.56196361314832,
      76.6263207190476,
      42.71765255049968,
      29.87222981959457,
      62.52171852867325,
      90.12650729917593,
      50.790967249586025,
      67.2524891764385,
      72.79736290151129,
      41.206629419611524,
      37.36000033301597,
      26.145219343824536,
      65.85943326902745,
      101.1088070449511,
      108.55703706622727,
      104.3458022147704,
      28.378570196403135,
      72.78977859672854,
      80.78882184034833,
      11.174236621839826,
      22.71680462745714,
      21.810532226088494,
      70.91411456193607,
      68.68212723666197,
      75.57476856698845,
      35.69515143322404,
      87.65176685548943,
      94.23987584150059,
      13.530510514290608,
      87.87022253373196,
      20.43055817666882,
      82.27056397188537,
      94.65820709742202,
      59.01849461812051,
      77.70209532818359,
      45.06392818434213,
      81.18571244494397,
      26.405416673363355,
      81.25372346610655,
      32.383294806672616,
      87.29000965781019,
      88.81902272044016,
      32.83616392663465,
      92.60933330847067,
      103.5697252392277,
      109.6138213100061,
      110.8446324137153,
      39.58845380242182,
      112.10336687607746,
      91.35923716776696,
      55.790168404098196,
      58.85359116974783,
      93.90396386663424,
      101.16003927977995,
      39.82179121089568,
      43.88906501093253,
      79.01058920390203,
      92.5711704072778,
      41.795341804118785,
      105.09047008251626,
      96.16764089958465,
      1.0,
      68.02386455129914,
      53.21178467031275
    ],
    [
      43.132306623376046,
      38.7002233240359,
      84.58224238245751,
      37.33811623479872,
      0.0,
      45.751645462410806,
      4.4706681845194005,
      42.15386778207913,
      82.67090157157693,
      31.310548408442386,
      62.284152275103025,
      44.03031506915669,
      67.86992630547203,
      81.36808921115025,
      29.4041589154512,
      26.21103844472764,
      50.42728408354461,
      44.50803224589521,
      103.21994099536408,
      51.96989702714642,
      6.857502382020967,
      66.27505545684716,
      53.94179353676295,
      23.589620377152098,
      51.37643734545536,
      38.91422974388166,
      7.603264488372564,
      41.50657026054861,
      20.838934904596435,
      53.25214407442603,
      41.41128860475523,
      44.141179578119015,
      95.73426512533467,
      69.61069070974699,
      79.26341063425235,
      35.740163396474266,
      46.1084019649551,
      33.42252941837599,
      64.7589280136985,
      57.62006350600014,
      6.279878753846119,
      41.4949986531905,
      58.18242977570866,
      88.34709358151154,
      46.8664779484618,
      30.17605227794143,
      49.610770437447755,
      60.10460575028241,
      37.22703299415083,
      46.55960995556483,
      79.50646854532188,
      80.81413040299873,
      92.25760179227703,
      79.29600410539716,
      38.50768198405443,
      81.34733420996126,
      45.88627982950131,
      38.56324317871435,
      38.76945784769231,
      35.08101605627724,
      71.67070123259313,
      65.58311061516604,
      39.066318104352426,
      3.596312944069832,
      96.79452171011799,
      64.84238495166981,
      50.334720523573516,
      54.25472072042143,
      18.06353653446775,
      92.23942395844345,
      68.01999648002862,
      26.45530007785029,
      90.64197199873706,
      13.259369240902943,
      44.150340619172816,
      29.882539527371787,
      68.94325614200463,
      58.756618793262035,
      95.61554149291763,
      55.99422550300905,
      41.702115427342505,
      102.88798184629154,
      87.31445458508665,
      89.59118504470486,
      84.74542921155215,
      2.344796163068439,
      94.95409252778069,
      92.37363120888755,
      71.36939809605498,
      22.248634554918098,
      86.60499146994215,
      74.18500340268761,
      2.9095699831329425,
      10.076384236141225,
      55.29699406383198,
      60.760303100408464,
      46.37915226981439,
      80.54681892866716,
      83.97683712456553,
      36.40684314802258,
      68.81091298312839,
      28.05536878336639
    ],
    [
      33.76062276860544,
      17.451914955733713,
      58.750143527530106,
      31.159458783676094,
      45.751645462410806,
      0.0,
      50.22214992833531,
      17.746999040299436,
      63.074966900810786,
      74.10957223439105,
      39.91319713084509,
      4.058464243608195,
      44.00217765668897,
      66.11122551981556,
      23.147072403232574,
      44.38649201716649,
      17.00285874356944,
      21.997934201270382,
      63.92708872508847,
      66.28300697411909,
      41.23048252886386,
      20.53835289815234,
      46.44452949113716,
      34.33145573572325,
      46.55033621655928,
      25.086466108881563,
      52.45559835677082,
      29.428662026232292,
      33.37014067431113,
      37.20107580031511,
      74.07661841291218,
      83.69792518547261,
      54.07195014489558,
      78.77714748271148,
      79.08457665197312,
      28.402788931611074,
      25.379398044772902,
      58.14397043025759,
      67.41496385487339,
      54.982134241784976,
      47.659435909696114,
      4.423150998242409,
      34.12990644116809,
      59.43159749776995,
      24.501350613720152,
      73.04003778995337,
      55.046350127044924,
      14.353043809062065,
      15.220621518975213,
      6.841480758363305,
      36.31921944922379,
      77.92988906742244,
      82.50437864612167,
      84.54776499621852,
      7.31103697620509,
      41.9195992566261,
      74.83333666526333,
      20.039325731513955,
      9.075817565669947,
      11.94493644833811,
      40.2085796285841,
      39.170720823581945,
      73.72469710167506,
      42.34116028616479,
      57.119878687991424,
      79.43452187891681,
      31.257641465775006,
      79.01410354204306,
      30.892765095541552,
      51.85747288360759,
      77.06648619756999,
      53.68997833954743,
      48.16588985496296,
      44.2554808205111,
      86.27925622103207,
      15.921634122975629,
      54.831896815823164,
      17.22604270489947,
      56.58163793446065,
      78.71968798341854,
      6.191456022496437,
      62.43657122677033,
      77.74293661620618,
      85.7336063961047,
      91.51494128734772,
      46.98933470285917,
      86.35684468490248,
      60.287309067267095,
      26.87253229725696,
      66.69828725087334,
      64.53451478395253,
      83.31537056923577,
      48.619420481883765,
      45.51810482675758,
      60.69009700210776,
      80.74166140259862,
      12.96200234200883,
      84.81772698305922,
      68.66056128613246,
      31.389694973375914,
      37.41441819787005,
      42.62068174022944
    ],
    [
      46.451616310693076,
      42.86787405426278,
      88.0054277729342,
      40.71834050133535,
      4.4706681845194005,
      50.22214992833531,
      0.0,
      46.32097693210452,
      85.69176037539359,
      27.664960353416742,
      65.80596176998867,
      48.49018932188175,
      71.38096222628239,
      84.08592436641116,
      33.46978426358847,
      28.073778098724365,
      54.64704041815788,
      48.4776233562682,
      107.3495156376818,
      52.57524840643948,
      10.508337829024848,
      70.74459736204089,
      56.668420886795396,
      26.862221136012135,
      53.97858747943845,
      42.74365809112357,
      4.336602857650599,
      45.04368195729722,
      24.316311623256617,
      56.6136405795062,
      39.670847114323884,
      41.00301268455358,
      100.0088969237086,
      70.3050780257814,
      80.72206074287234,
      39.36552367061827,
      49.933331134789725,
      33.51228733705556,
      66.24875502039187,
      59.81414856935228,
      6.8082763463686815,
      45.96496683338343,
      61.88216774906654,
      91.93272606930552,
      50.78252112832051,
      26.53501456957852,
      51.32161704646655,
      64.57507000791243,
      41.52168150073013,
      50.98053441371372,
      83.88075017613714,
      82.50007310634862,
      94.38823770261774,
      80.21572202768179,
      42.977924778521746,
      85.55191079150272,
      44.63277874960274,
      42.61891380789794,
      43.197021086605375,
      39.51115171972549,
      75.55211712504097,
      69.27551941634505,
      37.03272231230182,
      7.976755966610192,
      100.96192806802941,
      65.02721282593805,
      53.92341651614574,
      53.384427051327606,
      22.10814135272222,
      96.45612100312684,
      68.7633609716455,
      26.706596893149133,
      94.96604620195922,
      15.07191649187221,
      40.48168930645217,
      34.35189491873159,
      71.78261982684003,
      63.120358998643496,
      99.75158611877829,
      55.36371872345268,
      46.153283399066765,
      107.08357294179663,
      89.49256947180731,
      91.23565864475403,
      85.41935012614256,
      3.8688640851314924,
      96.95368704901149,
      96.1259302005911,
      75.8028027364191,
      18.273608101104813,
      89.75489884244239,
      74.7886358777715,
      1.6958673308531764,
      11.589859096468922,
      56.79258235959746,
      60.37293120319423,
      50.69855802296639,
      81.5453339895421,
      86.66350772570071,
      39.764558949649754,
      72.71957056793171,
      30.217266293415243
    ],
    [
      16.083494523274105,
      30.90708189530677,
      46.647738480347186,
      43.127584582746884,
      42.15386778207913,
      17.746999040299436,
      46.32097693210452,
      0.0,
      48.618800866850826,
      65.28728473540238,
      25.1729023058994,
      13.705078026570565,
      30.232222395821445,
      50.47774823849009,
      31.677835650023752,
      31.132528979227843,
      34.370620728086614,
      37.36438173552635,
      61.07119337698673,
      49.43744042177721,
      35.920573674074134,
      32.41408337422107,
      28.785393464322507,
      22.795256467250887,
      28.804478769446703,
      8.03446687615334,
      49.70206192511704,
      43.00601829182362,
      38.31109466513751,
      20.183724424591507,
      60.85937946407017,
      72.53591018107527,
      53.85410158899805,
      61.14536310401397,
      61.475364579476896,
      12.3059098952864,
      40.83621335708252,
      44.12986474793312,
      49.668772908322524,
      37.25041216594407,
      41.65263994847973,
      15.431699161036422,
      19.589677146382186,
      48.940225690760144,
      7.681381470546185,
      64.32848180887993,
      37.622640984255185,
      26.84816436580546,
      6.11841967670418,
      24.27891413284846,
      38.7082519488107,
      60.50491083586197,
      66.09666859581115,
      66.80139642802554,
      15.449124929965503,
      39.2422563439152,
      60.48063002210965,
      33.34841201446823,
      21.680948286102733,
      21.43496433875225,
      30.573958510053327,
      26.319070348858727,
      61.194848704436964,
      38.572831842245556,
      54.64490159245296,
      62.21920401419,
      47.0652337474084,
      63.43472424963109,
      33.65183289659105,
      50.1563841068031,
      59.445861322642564,
      41.0886880263721,
      49.11276132334012,
      35.63586731134224,
      76.3941044982762,
      17.751431194684546,
      38.47546153481551,
      34.46785675513008,
      53.46456558530283,
      62.74042424103604,
      12.16937668814467,
      60.76482926281013,
      61.2023723228397,
      68.51240076080556,
      73.76812525387808,
      42.535474075099785,
      69.81569835705155,
      51.718664450224594,
      32.40295843235014,
      59.63597723506367,
      51.027322979188554,
      65.64479364716904,
      44.62609782250579,
      38.04691724972831,
      43.100992219541624,
      64.20762350933333,
      6.655299748758726,
      67.08096149671117,
      53.12645114581608,
      43.00114423996052,
      27.601219006211387,
      28.73405006729752
    ],
    [
      39.829529332925716,
      79.05446753265805,
      11.28716779388763,
      91.71506236952206,
      82.67090157157693,
      63.074966900810786,
      85.69176037539359,
      48.618800866850826,
      0.0,
      92.60450150356691,
      23.504054884709724,
      59.79642831648222,
      19.08195696537139,
      7.521956904966742,
      80.23069620805694,
      58.98232046708396,
      79.70583893631577,
      84.84262384847737,
      45.83643621279387,
      50.855859825384684,
      75.82896389705951,
      64.62264864084501,
      29.474639360590167,
      59.10339222789545,
      32.52125285405894,
      46.483635809464204,
      89.90123958094684,
      91.31696501303931,
      85.70624443235077,
      30.179382836356048,
      76.76336710666904,
      92.39352346184941,
      49.60648412276021,
      46.551278772632784,
      33.63345267774893,
      48.02536383233968,
      88.29238389385092,
      63.08942754528193,
      35.054417444496494,
      30.111700154913756,
      79.22094735274506,
      62.658624469502904,
      29.256787945901657,
      17.464723440289113,
      41.01044582827794,
      92.07774756839834,
      40.624102661552925,
      62.86631632066181,
      54.549460006534765,
      69.82001353421339,
      50.70992138559786,
      29.40426024781759,
      23.52277015731001,
      43.516546629986046,
      63.55720951830275,
      40.015279000985025,
      72.02645891160226,
      81.59130244795887,
      69.63616569110988,
      69.93410903781914,
      26.4731493823503,
      24.068599035897144,
      79.37105298141228,
      79.62215339961793,
      43.97945808694354,
      54.26992734768658,
      94.29960703531673,
      67.99635425608699,
      80.46229107229101,
      44.419027878606734,
      45.82562736269399,
      65.83612372123119,
      50.606651288764475,
      70.99613243485297,
      99.13121769053248,
      66.07773989276772,
      14.427620214196494,
      75.31819181547345,
      41.77035304365378,
      65.10703636968901,
      59.41362444335912,
      48.98046838487799,
      20.495639121069,
      32.291908812770906,
      49.26486527472595,
      81.95645474214355,
      27.563022654202765,
      24.713109551328774,
      54.965416722719795,
      91.647676142097,
      5.2730689066750065,
      48.27326752941557,
      84.1994212922297,
      74.4448004141191,
      39.24132901244547,
      62.15406041625967,
      50.52469529705378,
      42.31662200972859,
      8.313861316107776,
      91.60995125269817,
      28.14687181303738,
      56.313355682755464
    ],
    [
      58.74690284538408,
      69.71794608913082,
      97.98670138076282,
      68.38165663216867,
      31.310548408442386,
      74.10957223439105,
      27.664960353416742,
      65.28728473540238,
      92.60450150356691,
      0.0,
      77.79460130238249,
      71.5399138992841,
      82.9271520101908,
      88.83723918921125,
      60.61424945083103,
      36.15631778695422,
      81.2550486121979,
      75.76815990440939,
      123.51646211487774,
      46.631160909765924,
      33.43265696360089,
      94.38040402476729,
      63.67773119970186,
      42.51156230911039,
      60.47529206643337,
      59.15503694757404,
      28.636058382753937,
      72.69781053021909,
      51.96926906867756,
      68.10246161093741,
      21.88632097634867,
      14.488055832523445,
      118.19990457835391,
      62.67742216730007,
      77.10080437227077,
      54.719336292080264,
      77.41862389049962,
      29.644964339599095,
      64.0542250533114,
      62.90830193468784,
      27.112014865449495,
      69.68903689084443,
      75.58439926509412,
      103.13109583519261,
      67.12944482922201,
      1.1344961572150243,
      52.47571910918139,
      88.16026503152472,
      62.16949636120384,
      76.23829242807221,
      103.97809618433186,
      80.2436525070658,
      94.44694015968973,
      73.19460509105977,
      66.84247077176381,
      103.15259811825999,
      28.712652632555262,
      69.7563201389663,
      68.50024069838442,
      64.85655776536193,
      90.0886127925999,
      82.44959430227074,
      18.107573503497655,
      33.72667449144665,
      117.72236441830422,
      54.784995715009224,
      81.56657910127224,
      38.21503560187611,
      49.33322255241317,
      113.93702386504752,
      61.58710416560874,
      27.223544759255926,
      113.99460723614324,
      30.08803182852804,
      12.8406884102007,
      58.45549862838224,
      78.20396289782238,
      88.83851780471623,
      116.16144499785196,
      41.36035060718901,
      69.00331040189465,
      124.07107597165852,
      90.1305476583948,
      88.18496961819318,
      76.52949835666685,
      29.24002250950115,
      95.9922069996757,
      108.6741570615828,
      97.31117700572389,
      9.862370207161606,
      97.46593688246232,
      66.21035445321411,
      28.641708211041124,
      28.594566197757068,
      55.7650545129785,
      47.1844160019763,
      71.08566783687343,
      74.92730028355533,
      91.04687640403652,
      67.4260708829159,
      87.642063432439,
      39.05124297499149
    ],
    [
      19.625357690977044,
      55.57228919312079,
      22.404578160254523,
      68.22167395648623,
      62.284152275103025,
      39.91319713084509,
      65.80596176998867,
      25.1729023058994,
      23.504054884709724,
      77.79460130238249,
      0.0,
      36.472537995817355,
      5.587656477963856,
      26.234572061407604,
      56.84180524801325,
      41.86034545597242,
      56.770539983106566,
      61.47641244838192,
      46.80850602888489,
      45.08906982294768,
      55.464106767843575,
      44.76016785431285,
      17.282460831065578,
      38.99714620501524,
      20.075966891630017,
      24.036810765312055,
      69.79506326810319,
      67.8240339073139,
      62.84144688743672,
      9.705061330183094,
      66.26939141529317,
      80.85448301858445,
      44.45229244681978,
      49.45710754465187,
      43.5951021672402,
      26.56944515426209,
      64.93936542914608,
      50.145322844194936,
      36.28289841414859,
      24.594212374111994,
      59.81756441159079,
      39.23517051862103,
      5.8006817784990234,
      26.1601479687703,
      17.657482271840802,
      77.06535999880965,
      31.95037446269686,
      41.749105617389354,
      31.176560735470105,
      46.72706332977467,
      37.12241065658606,
      41.169682569170895,
      43.01003705766259,
      51.462753522934705,
      40.06083009000457,
      30.139870391389497,
      63.26642688983566,
      58.10084452315601,
      46.16179992550828,
      46.43252066973951,
      13.769345231623799,
      5.431147186479213,
      67.99086680781464,
      58.96549046941789,
      41.87727547170891,
      54.107448008963175,
      71.00909217158691,
      62.36750103669763,
      57.78773093311308,
      39.37567639786112,
      48.06214025018526,
      50.64984974973242,
      42.38903898368909,
      52.04381929476989,
      86.53596251968581,
      42.78266538766277,
      15.972083847520874,
      53.434187293746525,
      39.98945654580817,
      60.36878333697035,
      35.96618550196662,
      48.178869976730304,
      38.465488469938904,
      47.82052861588014,
      58.39328774585301,
      61.953926639323925,
      46.979299267171356,
      30.9868213167491,
      37.47236371513205,
      74.83593974390963,
      25.909169201004733,
      53.02177363157724,
      64.20015539417149,
      55.28345478808841,
      34.39820962751692,
      59.48187207909298,
      27.15445364715865,
      51.08946731066798,
      28.756617335321263,
      68.12718612670947,
      12.502067035302364,
      38.96403970301282
    ],
    [
      29.70291850505657,
      19.701216373588185,
      55.94559592320377,
      33.18326189642455,
      44.03031506915669,
      4.058464243608195,
      48.49018932188175,
      13.705078026570565,
      59.79642831648222,
      71.5399138992841,
      36.472537995817355,
      0.0,
      40.77332690421765,
      62.589130867387695,
      23.925847174244733,
      40.87730689365253,
      20.832202563704875,
      25.04819786505396,
      63.160490987448696,
      62.30686384475865,
      39.092072985481444,
      22.842443592864573,
      42.44117132782273,
      30.980852784277694,
      42.50917618959426,
      21.041874916825186,
      50.9918325722693,
      31.943203261028273,
      33.42934452120057,
      33.33102852658838,
      70.687566765966,
      80.70719824151779,
      53.82684856234522,
      74.71963046326253,
      75.10241578511942,
      24.434533578947157,
      28.4959877165075,
      54.57818256616288,
      63.367425104829216,
      50.95185304462481,
      45.467582605355375,
      3.4376214125956723,
      30.6726519793453,
      56.96783762742724,
      20.599577575610187,
      70.48787224511251,
      51.001302374994374,
      16.629351837999803,
      11.348538192303117,
      10.660971110129607,
      36.43974251456161,
      74.00143108993359,
      78.82833148943539,
      80.5053615938791,
      6.022835970186114,
      40.958181173106986,
      71.25015627185898,
      22.304959742427673,
      10.475450095920793,
      12.32408151555131,
      37.74187018185316,
      36.07124302060237,
      70.45676168221833,
      40.53544420990988,
      56.386545558265155,
      75.41627119280585,
      34.5369477891978,
      75.23438114240648,
      30.330061751851257,
      51.24915129818321,
      73.00941052333783,
      50.33817157537094,
      48.12843006783532,
      41.52508692421221,
      83.54043241053962,
      14.249930574332872,
      51.13441294433655,
      21.172932705197134,
      55.698734875239296,
      74.8767081271809,
      2.5693883979708407,
      61.92808930586251,
      74.03231842552474,
      81.86139227775146,
      87.46849924820796,
      45.10488128537822,
      82.65206855474219,
      58.23742284337641,
      27.546742401928114,
      64.44399514663219,
      61.46028872776816,
      79.25692594465657,
      46.850232675348494,
      43.01648995951702,
      56.63400467091174,
      76.81623192804662,
      9.327122807369108,
      80.7848071531066,
      65.16448377799425,
      33.306513948757484,
      34.86875813657282,
      39.0059772657151
    ],
    [
      25.117598226003263,
      60.169348490487394,
      16.84480681802811,
      73.05394266375855,
      67.86992630547203,
      44.00217765668897,
      71.38096222628239,
      30.232222395821445,
      19.08195696537139,
      82.9271520101908,
      5.587656477963856,
      40.77332690421765,
      0.0,
      23.003591692355116,
      61.890481233219475,
      47.147779166002884,
      60.63110721773808,
      65.81971612269872,
      42.660596895418635,
      48.38438068949833,
      61.04784840396388,
      46.70559636894701,
      20.96224505011375,
      44.55862182329957,
      24.02104217046381,
      29.567536403271202,
      75.37747838701935,
      72.4539879708697,
      68.18808648206085,
      15.048115197387867,
      70.70080469827865,
      85.52689399293263,
      41.48740138417918,
      50.94494099796897,
      43.284145384465106,
      32.157016919249,
      69.26064335114906,
      54.87140057210605,
      37.773283538005096,
      27.08517068716501,
      65.3673825692265,
      43.7026898761753,
      10.648915720110205,
      20.63221510081176,
      22.894098864915073,
      82.22187987951942,
      35.54045195913489,
      44.34073685030739,
      36.30756979255127,
      50.73903694180366,
      36.39814416468649,
      40.35002784103702,
      40.2547181077558,
      51.82255739940906,
      44.74570882361344,
      27.99142140147181,
      67.37103060045666,
      62.72813067870023,
      50.744580937669966,
      51.24357137884501,
      11.327919645347443,
      5.184105353925452,
      72.58029600026963,
      64.55310122766141,
      38.19320383661791,
      56.36582928971574,
      75.24133913051938,
      65.87010292962033,
      63.19653511912685,
      36.26131625783845,
      49.67165187591807,
      55.726853994593974,
      40.143934266015265,
      57.55420185396769,
      91.38708150094797,
      47.94873526119696,
      15.041409058593633,
      56.52304152691835,
      36.19405160050383,
      63.67348733947047,
      40.49352822927346,
      44.37457271930023,
      36.019951799318534,
      46.23229092959706,
      58.591315233416296,
      67.53093431279319,
      44.30813084900267,
      25.74705179303535,
      38.25920779836806,
      80.19565850371694,
      20.851506519509005,
      54.15907946007259,
      69.77802174117943,
      60.813581088657514,
      37.2161598594157,
      62.35267495749238,
      31.548903793090908,
      51.24485586315825,
      25.322128472604152,
      72.99816443052373,
      11.322142735915063,
      44.26272376562818
    ],
    [
      39.54959567040971,
      81.32910992234167,
      18.778835325462143,
      93.50061839273614,
      81.36808921115025,
      66.11122551981556,
