{
  "name": "r-n81-k18",
  "n": 82,
  "m": 18,
  "prob_compat": 0.7,
  "layout": "R",
  "coords": [
    [
      50.0,
      50.0
    ],
    [
      83.0236655139762,
      60.689847923755224
    ],
    [
      60.31907558698016,
      6.772728092947267
    ],
    [
      7.221412929168746,
      47.75640522267358
    ],
    [
      49.77994632677469,
      18.667578340359448
    ],
    [
      13.843453544728312,
      10.249565203508592
    ],
    [
      10.13818096074024,
      40.376349708633875
    ],
    [
      25.3595913761257,
      39.45535805210692
    ],
    [
      70.91508852736868,
      98.03219419211263
    ],
    [
      78.86754381927197,
      3.974562305031426
    ],
    [
      23.211995343056735,
      11.503779915344236
    ],
    [
      9.970181670126221,
      54.63964656687108
    ],
    [
      69.5965589537481,
      51.03691275503219
    ],
    [
      47.03428871042446,
      45.49932593693033
    ],
    [
      35.642832596270644,
      62.61033552099685
    ],
    [
      40.438631465402665,
      5.897137729711477
    ],
    [
      13.572414347177176,
      95.28766696951439
    ],
    [
      31.810604300462288,
      39.42880418885804
    ],
    [
      68.77045081720041,
      17.996696429368242
    ],
    [
      80.28766278613253,
      1.2627346592199995
    ],
    [
      20.79532281734997,
      61.15317402530839
    ],
    [
      89.4054944685721,
      10.013328424637557
    ],
    [
      99.11422832833398,
      56.09590516499075
    ],
    [
      51.1115166656782,
      43.50231303218053
    ],
    [
      99.80667109261896,
      62.28016366154965
    ],
    [
      96.05466106796642,
      61.87436124741025
    ],
    [
      32.826336948387215,
      0.6076652980734898
    ],
    [
      1.2183515008866053,
      54.81475672433079
    ],
    [
      7.500482867958125,
      55.053986565443644
    ],
    [
      94.26019065505032,
      57.597027708483125
    ],
    [
      88.70238225517977,
      82.67600917075252
    ],
    [
      98.03156150249009,
      74.08085935756212
    ],
    [
      84.60087301618944,
      20.863424745257262
    ],
    [
      36.43638925549407,
      53.38022195233542
    ],
    [
      94.42570035930845,
      80.26954796823065
    ],
    [
      60.57586964945132,
      14.901449410539536
    ],
    [
      99.75899225516581,
      77.06439840653557
    ],
    [
      37.767464339202725,
      40.735109765178734
    ],
    [
      57.19516576504731,
      79.38881387665401
    ],
    [
      69.85263318585099,
      9.475161351669481
    ],
    [
      50.96394302385213,
      0.7025675730052083
    ],
    [
      26.88844958947385,
      44.701035714466286
    ],
    [
      22.920979868962267,
      16.09396957880749
    ],
    [
      9.709662883424597,
      73.77367578441554
    ],
    [
      66.98816458353629,
      65.29745789189639
    ],
    [
      4.754219387192704,
      30.23020152797479
    ],
    [
      6.20009179712987,
      58.84643699954921
    ],
    [
      9.793807619595851,
      75.30644574309197
    ],
    [
      25.29629475370754,
      37.33050589995051
    ],
    [
      49.35235815130745,
      87.56573218015325
    ],
    [
      8.339519807923434,
      90.01655304205852
    ],
    [
      87.76836346123282,
      39.63566802803776
    ],
    [
      15.328315773257728,
      29.559040844491204
    ],
    [
      9.352638495614762,
      75.84431328832478
    ],
    [
      5.557302567789513,
      42.242213797951386
    ],
    [
      33.54407575254829,
      38.90371537265593
    ],
    [
      53.62999758342916,
      64.73655656250097
    ],
    [
      28.6020377692919,
      96.8307503182115
    ],
    [
      61.18025062206335,
      97.54247999791626
    ],
    [
      23.244832537963468,
      7.242288271429997
    ],
    [
      13.735878820225778,
      51.69951112881487
    ],
    [
      40.85787815381116,
      42.79037814355685
    ],
    [
      35.3557594117477,
      41.467960164423864
    ],
    [
      2.490162255299899,
      44.187503980424616
    ],
    [
      88.54820462016735,
      60.14662569776624
    ],
    [
      5.796390499049142,
      78.7790131666889
    ],
    [
      74.77300283527087,
      77.78131002982828
    ],
    [
      77.57112973138041,
      41.76331099220211
    ],
    [
      86.19258407400582,
      4.038271720181652
    ],
    [
      28.983622979921254,
      60.8299011875476
    ],
    [
      61.461686664552616,
      41.52093054101229
    ],
    [
      27.866337063074177,
      3.2871182098453966
    ],
    [
      66.91819775594324,
      96.30555976146016
    ],
    [
      64.74205632008311,
      84.75413903265566
    ],
    [
      51.05530439673179,
      48.97904885093307
    ],
    [
      40.41674956733823,
      0.03247508877552985
    ],
    [
      61.11899542579952,
      12.262108986160147
    ],
    [
      81.47707888255368,
      38.32951806793021
    ],
    [
      72.12362827864935,
      77.10595929272739
    ],
    [
      76.09269357213174,
      70.81286985277693
    ],
    [
      65.3063587511663,
      52.714078274334675
    ],
    [
      68.88256621401759,
      42.29457235461034
    ]
  ],
  "c": [
    [
      0.0,
      34.71073800154636,
      44.44187616984774,
      42.83738121432655,
      31.333194389921566,
      53.73446676093785,
      41.0070635628693,
      26.801850886846704,
      52.38828692576698,
      54.32932910657946,
      46.899425948583506,
      40.29779988768838,
      19.623972862019386,
      5.389945312811979,
      19.10886751774745,
      45.12739997702535,
      58.12006345519065,
      21.038162866368975,
      37.10176900519638,
      57.38173533402482,
      31.261901096728156,
      56.14024312370374,
      49.49108489484025,
      6.592071391440732,
      51.29821541616013,
      47.560826960002075,
      52.29280476239024,
      49.0186812613879,
      42.798968873798884,
      44.90745268688555,
      50.65171238520132,
      53.73005385969918,
      45.23450487247266,
      13.978463323109839,
      53.75768211722001,
      36.65729494006754,
      56.64308405584336,
      15.345133422553337,
      30.256780917062546,
      45.12637357339026,
      49.30685581181739,
      23.711237523116612,
      43.3923061173289,
      46.78139507613897,
      22.86066389831362,
      49.37636676474666,
      44.684353035115585,
      47.5074110205779,
      27.763089411066748,
      37.5713145124732,
      57.76608111342058,
      39.164635269140774,
      40.248708032881105,
      48.16779553408335,
      45.1147049398276,
      19.847543308150293,
      15.177054449908645,
      51.48778459978131,
      48.83938378321757,
      50.438684540589584,
      36.30392297009119,
      11.642896510897366,
      16.94843609783729,
      47.86407622116309,
      39.86123546114523,
      52.746475633553054,
      37.22234351098512,
      28.775167079893514,
      58.501141941177806,
      23.6426492335808,
      14.257099287257608,
      51.691318034524926,
      49.299394318098486,
      37.751535127007244,
      1.4683353222416666,
      50.878209821189174,
      39.34184130733341,
      33.57091961065819,
      34.9883974681729,
      33.37670159494188,
      15.545122678789662,
      20.394237471038082
    ],
    [
      34.71073800154636,
      0.0,
      58.50260006702911,
      76.89769461455336,
      53.58186266207157,
      85.61614245578038,
      75.66328084543873,
      61.449564736331965,
      39.25644483987957,
      56.867362962903506,
      77.438395998128,
      73.30359089555226,
      16.53681795120483,
      39.06388614744107,
      47.419738512424225,
      69.39543367777618,
      77.59178675192948,
      55.45096590282566,
      45.00954691746033,
      59.4900622111178,
      62.23006753849087,
      51.07677915990956,
      16.733514925251,
      36.24633222499933,
      16.858184374321883,
      13.084720743754115,
      78.29202043750989,
      82.01601122574633,
      75.73317668125321,
      11.654399775620648,
      22.707688350111543,
      20.113580716083312,
      39.85764125858224,
      47.157236359080535,
      22.65769300802273,
      50.99491129103406,
      23.413608535368876,
      49.46023978660957,
      31.88671709329902,
      52.88118959767735,
      68.01690679546701,
      58.36783859930406,
      74.84066533042542,
      74.47234072593608,
      16.68434474915491,
      83.98747677808545,
      76.84568720795724,
      74.67433976302287,
      62.274458606065856,
      43.082131958325995,
      80.23576043721924,
      21.582183617325068,
      74.51031825139755,
      75.21354959331515,
      79.63261011011662,
      54.06353091033983,
      29.670921206092824,
      65.32900115772938,
      42.83983269030964,
      80.1882192392554,
      69.86861627801939,
      45.80769195358885,
      51.39757038229731,
      82.20688841416641,
      5.55118210137659,
      79.31752584024125,
      18.978712062758948,
      19.696292714161505,
      56.74013686262489,
      54.04022401877297,
      28.850759531239625,
      79.60781532267339,
      39.08791400690851,
      30.220975187643116,
      34.0458356843617,
      74.12601544481942,
      53.15129791716967,
      22.413752061397357,
      19.705317155783334,
      12.268412490379083,
      19.429767379671002,
      23.20251823996845
    ],
    [
      44.44187616984774,
      58.50260006702911,
      0.0,
      67.07476105657322,
      15.892158694516008,
      46.60549152736856,
      60.393092081628296,
      47.85728614679631,
      91.87255108538999,
      18.758342291924443,
      37.407462565311455,
      69.47123867356822,
      45.225985245429534,
      40.9418483086084,
      61.04715694793262,
      19.899716504396654,
      100.10067303166005,
      43.349189624214766,
      14.050025213463535,
      20.714837734577344,
      67.22618487462532,
      29.26638436611498,
      62.7522085085866,
      37.866100289013104,
      68.12008222410988,
      65.67512501669022,
      28.1754978148518,
      76.16385036563759,
      71.56034975114314,
      61.11553586015374,
      81.03653605502505,
      77.15319907989661,
      28.074070216849112,
      52.37023190955962,
      81.02496149422257,
      8.132776490817847,
      80.60040907010101,
      40.767861591224104,
      72.68324928841739,
      9.909180894949678,
      11.151921538979805,
      50.55851336439515,
      38.542224976923045,
      83.96689613028268,
      58.90348670566106,
      60.31340070380778,
      75.10349902458336,
      85.14501252642897,
      46.47981241138596,
      81.53390951468702,
      98.1397402235524,
      42.81864343928892,
      50.43197911471684,
      85.83974365752965,
      65.24520059270911,
      41.824645362544636,
      58.34851476589129,
      95.4799343058784,
      90.77383699795153,
      37.077216513902165,
      64.71792684382031,
      40.93909281726893,
      42.74255821728785,
      68.87705475579762,
      60.3792735257889,
      90.3195896764298,
      72.46471363074325,
      39.01248856239426,
      26.017603523052376,
      62.48270603189987,
      34.76698338145407,
      32.639388994866145,
      89.77570027564902,
      78.10674241519148,
      43.21100517913531,
      21.01270072009694,
      5.547357419466265,
      37.99331647777914,
      71.3169746641858,
      65.95412633763392,
      46.21126107182793,
      36.53949632205134
    ],
    [
      42.83738121432655,
      76.89769461455336,
      67.07476105657322,
      0.0,
      51.549865318392264,
      38.08693306289385,
      7.935537482761031,
      19.947453509198272,
      81.1451740259906,
      83.96438435900602,
      39.62261434596359,
      7.411797419906642,
      62.4613526211005,
      39.87680384478963,
      32.06893108915501,
      53.43764480524264,
      47.953686638862685,
      25.96107222886802,
      68.36610514286076,
      86.60449336277657,
      19.07156113179289,
      90.43651422217546,
      92.2704545413805,
      44.09578785288653,
      93.71749883764262,
      89.94811091515818,
      53.65273348588615,
      9.265909153055379,
      7.302915409963453,
      87.59330270587837,
      88.64833389408422,
      94.54871743925746,
      81.919553479725,
      29.75133873217428,
      93.06821260447302,
      62.65896722204881,
      97.06782191839116,
      31.34262029004398,
      59.14376763238791,
      73.40383765956881,
      64.24540899274928,
      19.902954901960356,
      35.34099932088819,
      26.135985830225334,
      62.28766436509956,
      17.699007314582413,
      11.136961060669131,
      27.669874360394786,
      20.866258161409778,
      57.963773670443246,
      42.27493650744592,
      80.95528156086617,
      19.921494523148578,
      28.16864749894015,
      5.759823813566651,
      27.77143668761004,
      49.417428799312255,
      53.52964099552731,
      73.41804551126513,
      43.56769041730981,
      7.614876888879546,
      34.001076714702705,
      28.82856210865238,
      5.926363894995869,
      82.26520899002497,
      31.0553198755773,
      73.9236917876867,
      70.6045312469865,
      90.26472771204074,
      25.387203135372175,
      54.597513124637935,
      49.02785310335341,
      76.94625738192336,
      68.39193463544537,
      43.85093954103857,
      58.13350051344388,
      64.53521879025817,
      74.8516541407667,
      71.22986649841039,
      72.62818914609517,
      58.296135834474974,
      61.90258025879277
    ],
    [
      31.333194389921566,
      53.58186266207157,
      15.892158694516008,
      51.549865318392264,
      0.0,
      36.90927334215976,
      45.196684786118325,
      32.07000968599521,
      82.13060626304716,
      32.58792795039201,
      27.51683170983699,
      53.654515695424415,
      37.95354985316182,
      26.971861538134693,
      46.16084805617923,
      15.822272805427696,
      84.7444591321057,
      27.45770841841983,
      19.002350995057814,
      35.123344759995064,
      51.43086855856168,
      40.55958711749513,
      61.92536660772217,
      24.870406646868265,
      66.36814589240558,
      63.31015174168898,
      24.770654614884087,
      60.53797979084176,
      55.78103381874416,
      59.11001745565976,
      74.91351837932866,
      73.47686765341051,
      34.890094252430714,
      37.18895187883868,
      76.07920882321707,
      11.433970767198053,
      76.86412443886667,
      25.125199833775007,
      61.172329728169565,
      22.077438434666515,
      18.003984560364522,
      34.666432261242186,
      26.98198549475983,
      68.13449633441361,
      49.70380712343055,
      46.486668426728315,
      59.2751584053569,
      69.3314689688172,
      30.785614488684438,
      68.89948065246712,
      82.51051533621641,
      43.391020056367815,
      36.1322404961958,
      70.0253256885339,
      50.113926786797116,
      25.944262088040045,
      46.22957548054077,
      80.98138838343276,
      79.69452333450798,
      28.8903014339473,
      48.89052450278777,
      25.71989056796606,
      26.979892132526455,
      53.73630320557199,
      56.775780230492686,
      74.48448012929072,
      64.18010710408167,
      36.135339236733664,
      39.241518827617504,
      47.01221684432043,
      25.665906649217597,
      26.772463928231808,
      79.50708032114231,
      67.75911923563065,
      30.338289053932805,
      20.855131904476533,
      13.023212818566781,
      37.30013520229183,
      62.564242914788075,
      58.4079797160717,
      37.41969589035268,
      30.383300227360674
    ],
    [
      53.73446676093785,
      85.61614245578038,
      46.60549152736856,
      38.08693306289385,
      36.90927334215976,
      0.0,
      30.353783776325326,
      31.39426327319976,
      104.70416167346283,
      65.32616610063612,
      9.452123040376259,
      44.558742783661714,
      69.07978346114042,
      48.41670342722533,
      56.717397641936834,
      26.948972402431014,
      85.03853370215273,
      34.267280225360885,
      55.47065054243412,
      67.04920629617672,
      51.37612166626082,
      75.56241020767095,
      96.81421341962242,
      49.946509056633296,
      100.48312269773406,
      97.07627006124291,
      21.291221104092127,
      46.31899714917173,
      45.251181758979385,
      93.32006115048686,
      104.16068833017944,
      105.65070579456183,
      71.54904908265571,
      48.689776089194694,
      106.75343782781839,
      46.96337659986341,
      108.8379608769523,
      38.75211890614117,
      81.60641310289526,
      56.01453298383638,
      38.3285259686122,
      36.83850895699789,
      10.796228353882354,
      63.65847037375919,
      76.51555920746222,
      21.950854322806894,
      49.19427738228766,
      65.18279940030624,
      29.403144742736224,
      85.08038541473313,
      79.9566484753739,
      79.55146350242154,
      19.36648304074372,
      65.74829576586637,
      33.04829590311922,
      34.773191359023926,
      67.46703872187064,
      87.83004852657199,
      99.30168845918236,
      9.870645446000749,
      41.45008551899702,
      42.29283206122561,
      37.912629658886715,
      35.786602402691315,
      89.83605333723715,
      69.00029320082177,
      90.95573943427546,
      71.09383155932154,
      72.615265991928,
      52.797680998170954,
      56.96836328635008,
      15.656210598630365,
      101.10668955338258,
      90.230811178589,
      53.70935437545188,
      28.46979086536872,
      47.31835999510134,
      73.23107966707492,
      88.69248106592406,
      86.84976542299566,
      66.72080247291082,
      63.68819676154194
    ],
    [
      41.0070635628693,
      75.66328084543873,
      60.393092081628296,
      7.935537482761031,
      45.196684786118325,
      30.353783776325326,
      0.0,
      15.249247872108224,
      83.77367663213538,
      77.77413095057244,
      31.69463533425881,
      14.264286208143965,
      60.40650890446852,
      37.25006916117067,
      33.835445617785524,
      45.90134376543854,
      55.01860341991237,
      21.693127389294894,
      62.75820224815966,
      80.31702610657828,
      23.35061243817516,
      84.88356762201572,
      90.35397848963687,
      41.09240666461023,
      92.30501171775441,
      88.56526437682413,
      45.78537628835816,
      16.971474736857687,
      14.912762149549861,
      85.86654916662303,
      89.22776986815494,
      94.134161247294,
      76.97692348211262,
      29.337628616586763,
      93.25155866656335,
      56.50602609861342,
      96.83957215070006,
      27.631612489783425,
      61.125544409304375,
      67.23614538637403,
      56.927601714626576,
      17.299549363604246,
      27.441463749177622,
      33.40007510103342,
      62.07239540241743,
      11.486137955349838,
      18.88525008557148,
      34.93179356939114,
      15.461098869984639,
      61.356250788135206,
      49.6727789531288,
      77.63371589980576,
      11.997986099107031,
      35.476661588356876,
      4.946301209065972,
      23.452176080114363,
      49.84935095971454,
      59.39708205318993,
      76.63719284761525,
      35.632153217159484,
      11.88096858154343,
      30.814401323384264,
      25.24119403514631,
      8.545003627977822,
      80.86405643398297,
      38.6473246821286,
      74.67791678523464,
      67.44721077632417,
      84.28954944006959,
      27.811840158444877,
      51.336266936846016,
      41.108376420863955,
      79.69972926175282,
      70.36313942360668,
      41.8116900257462,
      50.442243568335776,
      58.21901729608632,
      71.36825538335867,
      72.05039832923354,
      72.63869142744124,
      56.53094185379338,
      58.77569546083658
    ],
    [
      26.801850886846704,
      61.449564736331965,
      47.85728614679631,
      19.947453509198272,
      32.07000968599521,
      31.39426327319976,
      15.249247872108224,
      0.0,
      74.20612544035691,
      64.20270898882455,
      28.033959567938364,
      21.61935588306714,
      45.727909527994676,
      22.501601105837665,
      25.33570665240045,
      36.79037375755316,
      57.06298503724275,
      6.451067575030597,
      48.42496129117651,
      66.90119214523537,
      22.17268061113824,
      70.48908292432111,
      75.60855956945716,
      26.067978454982587,
      77.86744781629066,
      74.1647125188606,
      39.558760366733786,
      28.61311919882463,
      23.71212702824411,
      71.24894917762668,
      76.68333482228884,
      80.49932038658014,
      62.09017180233679,
      17.793180882019566,
      80.2242202117683,
      42.931115580692094,
      83.36492528360569,
      12.47369535923369,
      51.07038956933475,
      53.65112266932429,
      46.44740674373099,
      5.463930963500378,
      23.488322577044052,
      37.718260747313714,
      48.997471683898034,
      22.57620135667296,
      27.25986733026192,
      39.084448474831376,
      2.125794705735543,
      53.7611472744849,
      53.34901381467734,
      62.40903255826248,
      14.09125915219946,
      39.753975948354714,
      19.99743000980133,
      8.203053952870071,
      37.92564917371741,
      57.46693915898018,
      68.24392547883588,
      32.2824111497011,
      16.882830868904726,
      15.853051821455534,
      10.196761380894113,
      23.353886044925563,
      66.49006993897197,
      43.92116437581589,
      62.53450109363137,
      52.26252370672438,
      70.39192428697615,
      21.679591770006265,
      36.16113761929483,
      36.25500444388869,
      70.42061628973977,
      60.02464579975261,
      27.40383830905794,
      42.200494238050375,
      44.92446741754924,
      56.12877978100069,
      60.03701292703365,
      59.641773990715194,
      42.08964107291626,
      43.61548436731284
    ],
    [
      52.38828692576698,
      39.25644483987957,
      91.87255108538999,
      81.1451740259906,
      82.13060626304716,
      104.70416167346283,
      83.77367663213538,
      74.20612544035691,
      0.0,
      94.39321830182185,
      98.80663731047224,
      74.81440276609054,
      47.01377455158126,
      57.70610753649307,
      49.988399756197246,
      97.04474774236732,
      57.40831570261563,
      70.45223918745188,
      80.06422654992764,
      97.22228883606982,
      62.225822961940175,
      89.94006806125557,
      50.53556987786611,
      58.0145619460964,
      45.96663170369329,
      44.038471712594436,
      104.60541012333363,
      82.00842672201578,
      76.6063870818851,
      46.69043244510293,
      23.498941179756848,
      36.179684174509354,
      78.37295244544744,
      56.41435392151718,
      29.466259850665384,
      83.77123715777704,
      35.65977064373931,
      66.19456830546653,
      23.147611327972783,
      88.56340596914758,
      99.35343187186515,
      69.15603661818386,
      94.95950251920745,
      65.83752610474475,
      32.96943572925292,
      94.73315583580698,
      75.65417614744975,
      65.20943660525707,
      75.93266297768461,
      23.968691418567317,
      63.08686316190126,
      60.77982513982656,
      88.19558965494845,
      65.43880586405035,
      85.9311474258261,
      69.94833524336893,
      37.51498172867304,
      42.330104321129625,
      9.747147738419015,
      102.54394337639755,
      73.5946977884781,
      62.88953916020349,
      66.81301114522675,
      87.0702084488759,
      41.78807345741039,
      67.90530032700838,
      20.615087003487897,
      56.66118690139375,
      95.22740851160914,
      56.05585078967475,
      57.296507103173994,
      104.06644236025457,
      4.35389507175132,
      14.642850659955759,
      52.920904126615056,
      102.6357326843526,
      86.32769518695005,
      60.629738385152564,
      20.96110386870582,
      27.707385504401326,
      45.66387500026272,
      55.77466839932517
    ],
    [
      54.32932910657946,
      56.867362962903506,
      18.758342291924443,
      83.96438435900602,
      32.58792795039201,
      65.32616610063612,
      77.77413095057244,
      64.20270898882455,
      94.39321830182185,
      0.0,
      56.16252481870619,
      85.52074177864604,
      47.966821765210376,
      52.32267314950604,
      72.84593029775915,
      38.47697494560809,
      112.25656780894579,
      58.91823847022073,
      17.279222566231777,
      3.061167597604587,
      81.49709498107441,
      12.145579448276147,
      55.91567414540331,
      48.29948365043535,
      61.9515149170272,
      60.39688499325327,
      46.16414978728697,
      92.8122967946045,
      87.76311851571668,
      55.78801280342733,
      79.3135662154863,
      72.6784181183133,
      17.83549097179826,
      65.12543345575868,
      77.86514671065646,
      21.306858185837804,
      76.01695047220949,
      55.14122217395759,
      78.46656173576882,
      10.560549398608112,
      28.094783979887833,
      66.0338691378874,
      57.24419665358009,
      98.25847921703645,
      62.46292639785595,
      78.626607769762,
      91.05757088722049,
      99.29460522809637,
      63.10703367733395,
      88.64891350775763,
      111.2538823634304,
      36.75512279514451,
      68.49670826265654,
      99.98791511256559,
      82.69706538405181,
      57.22117170782912,
      65.79478464248565,
      105.5883173026241,
      95.22497341573005,
      55.71861487218863,
      80.7453065247803,
      54.32680961744792,
      57.43718538864493,
      86.31677179295549,
      57.000139467718945,
      104.57102522334588,
      73.92023590047228,
      37.81098010934691,
      7.3253173052810565,
      75.63686348436431,
      41.38470286231819,
      51.00583956737152,
      93.10102020193033,
      82.00530112976764,
      52.904862450978364,
      38.652343140165634,
      19.588118849632327,
      34.45392080325879,
      73.44168858482924,
      66.89588290575936,
      50.59096912862392,
      39.59953216866659
    ],
    [
      46.899425948583506,
      77.438395998128,
      37.407462565311455,
      39.62261434596359,
      27.51683170983699,
      9.452123040376259,
      31.69463533425881,
      28.033959567938364,
      98.80663731047224,
      56.16252481870619,
      0.0,
      45.12259546088761,
      60.945847549071686,
      41.511429878850365,
      52.59663240825931,
      18.11605444597224,
      84.33659497325027,
      29.218881851958503,
      46.018809524450084,
      57.987160837642044,
      49.70817479633555,
      66.21027693738905,
      88.03184995461285,
      42.45337927257003,
      91.89660221968214,
      88.56212177698325,
      14.531375649149322,
      48.575313499809745,
      46.297647062475455,
      84.69022109553671,
      96.71854524900573,
      97.53900938498131,
      62.098287040054245,
      43.91492903363037,
      98.99556877984533,
      37.51803914362575,
      100.78510521505633,
      32.654744256962,
      75.91596477591678,
      46.684734032224895,
      29.779805038681868,
      33.40021120319961,
      4.599405521665525,
      63.71697508039298,
      69.35497663193392,
      26.29388445344029,
      50.30638172288425,
      65.19837366460366,
      25.91069430017606,
      80.42847226002158,
      79.9089861817183,
      70.41965487983146,
      19.701392102560856,
      65.81630502348457,
      35.44770083580152,
      29.283243479045243,
      61.31054860186276,
      85.4970434312696,
      94.04385317941089,
      4.261618156583274,
      41.29762211241523,
      35.91974956572603,
      32.331456876475016,
      38.69909799051095,
      81.45518208508827,
      69.49287949930878,
      83.97171244942253,
      62.21378233509968,
      63.42151345962181,
      49.66264114340609,
      48.621684646603526,
      9.443327084735868,
      95.40216975742909,
      84.20428181256946,
      46.686675195961136,
      20.678355890688948,
      37.91458450586932,
      64.1439021832603,
      81.82905214829574,
      79.46028186711254,
      58.90860821281559,
      55.08061312946166
    ],
    [
      40.29779988768838,
      73.30359089555226,
      69.47123867356822,
      7.411797419906642,
      53.654515695424415,
      44.558742783661714,
      14.264286208143965,
      21.61935588306714,
      74.81440276609054,
      85.52074177864604,
      45.12259546088761,
      0.0,
      59.73511997885152,
      38.17451364343501,
      26.8815343308206,
      57.48181104199713,
      40.80732339805345,
      26.61529234332122,
      69.28331290107225,
      88.28161119563376,
      12.633674081957848,
      91.11244256586902,
      89.1559405968291,
      42.6221731435549,
      90.16081373430325,
      86.38795454058385,
      58.6673574821269,
      8.753581831368134,
      2.504214409320345,
      84.3418740478023,
      83.57509818732747,
      90.18185722612276,
      81.91808866992818,
      26.496156217675818,
      88.25886064810842,
      64.34329777914934,
      92.54674495273538,
      31.080943799282505,
      53.31716801643892,
      75.00492466689964,
      67.74730223644893,
      19.6215130677113,
      40.66315763015841,
      19.135802678123273,
      58.00551109811688,
      24.96051421032595,
      5.648952415708767,
      20.667551765894892,
      23.11917154393656,
      51.33305892120681,
      35.414468369057886,
      79.23178946607126,
      25.646566718931698,
      21.213657165616493,
      13.159401248982563,
      28.343394517212072,
      44.81213136019476,
      46.121961118933235,
      66.80661852297392,
      49.22119390109701,
      4.777538217574183,
      33.082547608006166,
      28.59931607504488,
      12.852936438557007,
      78.77075923136266,
      24.497541766066266,
      68.81091642170222,
      68.81633669857668,
      91.48963747110447,
      19.995754617163797,
      53.136388631127,
      54.38156439923062,
      70.56291418620341,
      62.50472709437572,
      41.47324048060296,
      62.521489694005794,
      66.42331548497953,
      73.34341579583425,
      66.08922856876534,
      68.07172490606234,
      55.369669560089,
      60.19194223443496
    ],
    [
      19.623972862019386,
      16.53681795120483,
      45.225985245429534,
      62.4613526211005,
      37.95354985316182,
      69.07978346114042,
      60.40650890446852,
      45.727909527994676,
      47.01377455158126,
      47.966821765210376,
      60.945847549071686,
      59.73511997885152,
      0.0,
      23.231894160846696,
      35.871989742391044,
      53.7381058909986,
      71.39211460272405,
      39.52880662939697,
      33.050542348045376,
      50.90941471150945,
      49.83873383753826,
      45.55577238444603,
      29.948058526578702,
      19.961637742813807,
      32.23447791402953,
      28.591632645082573,
      62.411202723539155,
      68.48248943724906,
      62.22587522285654,
      25.521164489497153,
      36.96031528584106,
      36.600175477273524,
      33.698202016730896,
      33.24286318010485,
      38.354050952216795,
      37.24438946533863,
      39.83970873389622,
      33.45472177172357,
      30.945514218234848,
      41.56254027038373,
      53.672345591509746,
      43.17552481839659,
      58.3062514720074,
      64.05779198498854,
      14.49713312317624,
      68.09881226974984,
      63.87566607766899,
      64.53974975620041,
      46.372179127904104,
      41.76340880151715,
      72.60741836630098,
      21.45233927531122,
      58.36386895762176,
      65.15164674346384,
      64.64033638690486,
      38.039400937613316,
      21.03832983969209,
      61.462397658289255,
      47.260999042724414,
      63.768735877257875,
      55.86460974163012,
      29.898446568658464,
      35.55273838900127,
      67.45504338751233,
      21.02740457984589,
      69.57072394404422,
      27.240748096384483,
      12.230840884543973,
      49.842755831865496,
      41.776945686030466,
      12.519187859404605,
      63.41493750018549,
      45.34781163957624,
      34.06490193258632,
      18.655104513131846,
      58.76150046993588,
      39.69073557752411,
      17.396109723513884,
      26.191244085712594,
      20.815576958422334,
      4.606376228378452,
      8.771448073678371
    ],
    [
      5.389945312811979,
      39.06388614744107,
      40.9418483086084,
      39.87680384478963,
      26.971861538134693,
      48.41670342722533,
      37.25006916117067,
      22.501601105837665,
      57.70610753649307,
      52.32267314950604,
      41.511429878850365,
      38.17451364343501,
      23.231894160846696,
      0.0,
      20.556067751073126,
      40.14767745827638,
      59.98813164850727,
      16.389380748153485,
      35.05503348967545,
      55.34133080519632,
      30.553662482785004,
      55.268210544957334,
      53.14703756505778,
      4.540027350230375,
      55.37617589751534,
      51.68305996640996,
      47.08637900907932,
      46.75336729202683,
      40.672021637925596,
      48.750796943607476,
      55.84206117186609,
      58.46046428915057,
      44.92411250017106,
      13.20696766341319,
      58.778518509570304,
      33.46049106412625,
      61.45118521145293,
      10.419778772039674,
      35.379949340492814,
      42.6429042006427,
      44.968786318277886,
      20.16164926702441,
      38.02797188691417,
      46.824849731990945,
      28.1091300339552,
      44.952757670619555,
      42.96017936731178,
      47.70029164497044,
      23.22218771043815,
      42.130226443168084,
      58.98363035239116,
      41.15394671081938,
      35.48748242296974,
      48.381039884107054,
      41.604677128445736,
      15.016255337613913,
      20.336529145329237,
      54.540471246296256,
      53.931420554450945,
      45.050406834133625,
      33.87073069228572,
      6.744363981211819,
      12.35475441163394,
      44.563438809137004,
      44.02213766328241,
      52.991526030133414,
      42.56245714563563,
      30.764532618038753,
      57.029738843393375,
      23.682336684313935,
      14.96587590664319,
      46.360337051726965,
      54.55862199839052,
      43.063968522397055,
      5.317615885692129,
      45.945906785682595,
      36.09835943489256,
      35.18113044971263,
      40.354110472880926,
      38.537856695545315,
      19.64487706410648,
      22.082066828026
    ],
    [
      19.10886751774745,
      47.419738512424225,
      61.04715694793262,
      32.06893108915501,
      46.16084805617923,
      56.717397641936834,
      33.835445617785524,
      25.33570665240045,
      49.988399756197246,
      72.84593029775915,
      52.59663240825931,
      26.8815343308206,
      35.871989742391044,
      20.556067751073126,
      0.0,
      56.91560849632221,
      39.43236427461827,
      23.496156464709873,
      55.568119295057755,
      75.87284754230255,
      14.918842658184383,
      75.21215970233727,
      63.804826455679994,
      24.584481086088704,
      64.16468798367403,
      60.41631135235727,
      62.06660746735827,
      35.2961180225458,
      29.139153346807138,
      58.831351514428036,
      56.7269518749663,
      63.434426076216326,
      64.34045602166621,
      9.264163678486348,
      61.378117653633915,
      53.83116337769292,
      65.72519960642221,
      21.97816102204829,
      27.313374030851747,
      63.19538899622034,
      63.77545105317976,
      19.934448610129355,
      48.2246600535763,
      28.233835325583033,
      31.460299808299467,
      44.750189981564176,
      29.68235027495539,
      28.798668493809664,
      27.315208785523172,
      28.473196402231373,
      38.68554830980261,
      56.964079158414876,
      38.79520168198234,
      29.433186599420242,
      36.33179736290838,
      23.799340729246996,
      18.11239686492641,
      34.93722342558203,
      43.271404381883116,
      56.73914928579783,
      24.473673869339674,
      20.494570271434366,
      21.144324220260547,
      37.92756613216019,
      52.96270626657965,
      33.94460550180393,
      41.96818664751614,
      46.82499901072315,
      77.36901209365126,
      6.893113892153898,
      33.33730984661237,
      59.83074456267383,
      45.97299862403984,
      36.56655377925903,
      20.57562303507402,
      62.759691678028645,
      56.426755956017026,
      51.86845118972415,
      39.25521063694628,
      41.273148927971576,
      31.27076416454021,
      38.95651580944429
    ],
    [
      45.12739997702535,
      69.39543367777618,
      19.899716504396654,
      53.43764480524264,
      15.822272805427696,
      26.948972402431014,
      45.90134376543854,
      36.79037375755316,
      97.04474774236732,
      38.47697494560809,
      18.11605444597224,
      57.48181104199713,
      53.7381058909986,
      40.14767745827638,
      56.91560849632221,
      0.0,
      93.34056106546441,
      34.623915265122804,
      30.807325565672542,
      40.1176144482731,
      58.64374750766688,
      49.13956347189258,
      77.21879252644715,
      39.09040404022053,
      81.87557476078602,
      78.90875934586512,
      9.269603358226378,
      62.69899368090177,
      59.17193101873861,
      74.63001311417437,
      90.68839363478449,
      89.2522575920692,
      46.62931830749547,
      47.65145569654271,
      91.90135479111242,
      22.058694216263206,
      92.64817427489169,
      34.94022652130478,
      75.37776797320447,
      29.63082432619495,
      11.73736522884814,
      41.10170224798492,
      20.269274708607846,
      74.5083480450606,
      65.06362842757039,
      43.19114792614164,
      63.05478484447258,
      75.87329745988937,
      34.89050007689982,
      82.15359908696477,
      90.03570959175279,
      58.1239361837117,
      34.502371123915566,
      76.54375433400935,
      50.37530803945131,
      33.71897190273413,
      60.29999459900672,
      91.70074617320309,
      93.96320303553065,
      17.24633733686938,
      53.01786875969644,
      36.89562245063139,
      35.932144341740376,
      53.90953962893645,
      72.50888203475333,
      80.69605087228244,
      79.66293545079108,
      51.625621661805084,
      45.791697524242196,
      56.114398513367554,
      41.36451938762245,
      12.84035780003432,
      94.20642337551041,
      82.51716860241655,
      44.37076526258763,
      5.864703463045058,
      21.63770580791547,
      52.30691599409342,
      77.93994669903806,
      74.06257099091339,
      53.01160045044761,
      46.19340506238147
    ],
    [
      58.12006345519065,
      77.59178675192948,
      100.10067303166005,
      47.953686638862685,
      84.7444591321057,
      85.03853370215273,
      55.01860341991237,
      57.06298503724275,
      57.40831570261563,
      112.25656780894579,
      84.33659497325027,
      40.80732339805345,
      71.39211460272405,
      59.98813164850727,
      39.43236427461827,
      93.34056106546441,
      0.0,
      58.760906425278236,
      94.97745710000746,
      115.28925479083892,
      34.89031406173557,
      114.11559426723487,
      94.09248712054195,
      63.960199228065484,
      92.33548782057782,
      88.9930897507663,
      96.61788784711369,
      42.316419183631126,
      40.68927857243524,
      89.05673210608262,
      76.18113933442169,
      87.08086028108104,
      102.87861668758227,
      47.73882378605513,
      82.23623141472513,
      93.11964767862752,
      88.09207528834956,
      59.67731513438695,
      46.42971000268736,
      102.62187463178442,
      101.70775508596248,
      52.30988488142845,
      79.74357267972113,
      21.858011473673297,
      61.2589178310582,
      65.6523752200133,
      37.17948872033913,
      20.33536502010615,
      59.131056907770535,
      36.603724612638345,
      7.427504782574758,
      92.74795874367075,
      65.7520758767447,
      19.895992325321668,
      53.647573281673814,
      59.816529964280505,
      50.37837156787405,
      15.108629535189676,
      47.66120284434099,
      88.57507766717761,
      43.58846235217591,
      59.16470120958222,
      58.06095902401248,
      52.28807673781336,
      82.80254771878771,
      18.248347795573178,
      63.65520060913078,
      83.43076323284055,
      116.61964321898068,
