{
  "name": "r-n101-k22",
  "n": 102,
  "m": 22,
  "prob_compat": 0.3,
  "layout": "R",
  "coords": [
    [
      50.0,
      50.0
    ],
    [
      33.82097789945462,
      76.93572560244895
    ],
    [
      37.77226622060248,
      50.13352593453253
    ],
    [
      79.13633975135888,
      22.913815142734794
    ],
    [
      33.03116145512946,
      12.397407938550387
    ],
    [
      72.71197815602403,
      17.1926114421558
    ],
    [
      64.0588311962176,
      50.77057302916573
    ],
    [
      36.693026711029944,
      34.7930409225782
    ],
    [
      35.98656643149938,
      57.4826992865642
    ],
    [
      86.4136290890337,
      19.433407600728636
    ],
    [
      45.343937155330394,
      1.223877832606901
    ],
    [
      98.84938305709431,
      27.69557356506589
    ],
    [
      51.325793761032976,
      63.71422801931441
    ],
    [
      76.56605287926848,
      12.124565480500715
    ],
    [
      67.78883002565473,
      33.88202940082382
    ],
    [
      15.559691254232755,
      71.02595622116709
    ],
    [
      92.25851710325401,
      78.40314701958157
    ],
    [
      96.6021047221556,
      1.915431820768665
    ],
    [
      39.76665512668849,
      6.360372419544391
    ],
    [
      30.65826585725321,
      10.394048816846412
    ],
    [
      94.33641352343768,
      16.038031448263524
    ],
    [
      14.1223177374599,
      39.56602109750295
    ],
    [
      41.188181314522964,
      60.99522537694174
    ],
    [
      80.97652378186912,
      18.55635999522186
    ],
    [
      7.6008645422360965,
      46.93499150001244
    ],
    [
      20.425632168965326,
      39.28018801078935
    ],
    [
      51.75261342002747,
      85.79960205089175
    ],
    [
      91.70295519594329,
      81.9297196510631
    ],
    [
      65.48936258397467,
      90.53239523008189
    ],
    [
      34.338523426455616,
      92.36685456809987
    ],
    [
      74.25948033299885,
      81.35343466050936
    ],
    [
      75.24365314949377,
      90.72948092653243
    ],
    [
      95.98049880790451,
      1.836394288818588
    ],
    [
      74.86446282718977,
      31.430383057667342
    ],
    [
      58.36115314444863,
      31.65383686119949
    ],
    [
      31.020897741054632,
      69.89766292615114
    ],
    [
      94.77824816950387,
      12.180742289734303
    ],
    [
      76.1370824367716,
      49.793703640636544
    ],
    [
      12.017579588527571,
      3.8097170487515597
    ],
    [
      56.85322637394729,
      39.84418944396365
    ],
    [
      12.279554539037285,
      13.792013167852401
    ],
    [
      46.04912419870112,
      60.139568951291665
    ],
    [
      75.82174292474616,
      67.11315345072872
    ],
    [
      60.90305110020192,
      46.05180547161385
    ],
    [
      92.43073766022574,
      29.82332370883971
    ],
    [
      7.348520146680393,
      17.30828030730065
    ],
    [
      16.848452962776562,
      72.70347363061343
    ],
    [
      62.11838041090122,
      83.91425967359717
    ],
    [
      75.51755592086842,
      19.080814137048442
    ],
    [
      45.43029400267397,
      24.569397789276447
    ],
    [
      37.37917484169395,
      43.45830797136365
    ],
    [
      44.84583096765894,
      54.090038456299915
    ],
    [
      76.40954613210738,
      88.34283910887703
    ],
    [
      46.82348789953878,
      54.08536919717057
    ],
    [
      19.82279532470661,
      47.239609097571964
    ],
    [
      3.6840917322358835,
      67.68483032244256
    ],
    [
      79.66241124317115,
      21.234180329548703
    ],
    [
      31.258366846044318,
      83.29908487664353
    ],
    [
      36.14963590549035,
      53.23064376308454
    ],
    [
      57.047597156208006,
      59.666856621552085
    ],
    [
      91.42704945145094,
      35.76089041468708
    ],
    [
      20.61474321679918,
      48.736568568991125
    ],
    [
      19.44370127321775,
      74.42141849991431
    ],
    [
      47.78192440536869,
      97.79306698688909
    ],
    [
      72.51465708778332,
      65.3955723685591
    ],
    [
      45.989010421553736,
      46.713291549050865
    ],
    [
      81.88764693952932,
      69.87419489309556
    ],
    [
      83.40276754800705,
      54.48877769841477
    ],
    [
      10.664705445615397,
      89.17445870459892
    ],
    [
      66.45400859927814,
      52.47937993858762
    ],
    [
      21.16872773309669,
      30.48290281865873
    ],
    [
      60.063484541209014,
      65.72356895409519
    ],
    [
      9.932411474199409,
      4.030576441898159
    ],
    [
      18.85376777075588,
      5.157239384770573
    ],
    [
      86.69403152213387,
      49.47417565159464
    ],
    [
      11.874631858341067,
      74.43273943262102
    ],
    [
      85.19612561865799,
      47.700271426851224
    ],
    [
      28.61516274824618,
      90.11040545393205
    ],
    [
      21.37179939447005,
      65.46730828760306
    ],
    [
      30.47276220280444,
      50.52528551281268
    ],
    [
      44.50442592538613,
      1.047194169653387
    ],
    [
      52.529919571513375,
      96.75511166045743
    ],
    [
      12.288012933465108,
      58.223895636323974
    ],
    [
      19.07697115310949,
      19.840942760225534
    ],
    [
      14.48624945927266,
      16.766615202431534
    ],
    [
      54.036502356388596,
      55.916227509409225
    ],
    [
      48.45308453291521,
      97.23589986446672
    ],
    [
      63.45068530017923,
      74.27204648844786
    ],
    [
      41.98984504139869,
      13.095751229145037
    ],
    [
      54.0452415983965,
      33.82255952717966
    ],
    [
      8.222846682740247,
      10.534754620134002
    ],
    [
      19.487836280954884,
      10.20764139915723
    ],
    [
      45.49216367223213,
      52.06507239158472
    ],
    [
      40.65679550296222,
      17.338946013763966
    ],
    [
      50.93586000369562,
      91.45640279271163
    ],
    [
      27.51943058227947,
      19.22753857362568
    ],
    [
      47.12385019718373,
      59.77436301175223
    ],
    [
      30.077081652642214,
      9.57567602717021
    ],
    [
      89.78563419607595,
      35.93789665334249
    ],
    [
      90.7271388993072,
      19.872856544558502
    ],
    [
      43.6267924688891,
      12.206919112140667
    ],
    [
      71.08475214287256,
      45.44311834543503
    ]
  ],
  "c": [
    [
      0.0,
      31.421235969648933,
      12.228462804253521,
      39.781750894456096,
      41.25404721117284,
      39.901863311693596,
      14.079933146042233,
      20.207106237552765,
      15.886066504705578,
      47.54228596036286,
      48.99784704353824,
      53.700555524595096,
      13.778163130930858,
      46.26341649321813,
      24.00482138899482,
      40.35127880895731,
      50.91680497028439,
      66.96179404345365,
      44.823414000464005,
      44.076456853642874,
      55.849197595224275,
      37.364100420986155,
      14.090533333960991,
      44.13895696953868,
      42.509774930841594,
      31.4572344888956,
      35.84247704612885,
      52.52278999701309,
      43.39119053846529,
      45.168929746654435,
      39.64290921511674,
      47.91797826366129,
      66.58783061285189,
      31.03340434225143,
      20.161611637475954,
      27.49769649403809,
      58.61218101116156,
      26.13789655833999,
      59.80139211950028,
      12.25182434507882,
      52.28623448107959,
      10.88210816502423,
      30.97777313978309,
      11.59589424441223,
      46.98367551127912,
      53.73915955933955,
      40.180502558544454,
      36.01433260511006,
      40.08917203687787,
      25.837912874341363,
      14.215448015242263,
      6.5798079750062435,
      46.557893399864405,
      5.1749850822554695,
      30.303191910238706,
      49.57737974320067,
      41.31986231913084,
      38.21096527044771,
      14.222153306529892,
      11.963141001335584,
      43.80585198390178,
      29.412405124292555,
      39.11640414747132,
      47.84450973055076,
      27.275143122191167,
      5.185604095951117,
      37.57400231528203,
      33.70302664586637,
      55.5148954108582,
      16.63976333560636,
      34.81607879865605,
      18.6682709902481,
      60.98032102684468,
      54.59817727427149,
      36.6977988521482,
      45.28247400616905,
      35.271178178145824,
      45.454987514714155,
      32.539383761439304,
      19.53430164756841,
      49.26031397659972,
      46.82350861928406,
      38.598269753236906,
      43.1949354283302,
      48.638301189209585,
      7.162059704876885,
      47.26122283086032,
      27.74983199556047,
      37.76355597400694,
      16.67553776767163,
      57.470306525951834,
      50.14403192640056,
      4.958337658976963,
      33.971163032273296,
      41.46696476061475,
      38.10932147890654,
      10.188739371175915,
      45.067157045189646,
      42.19762361692948,
      50.659102002584035,
      38.326684401744004,
      21.571554031642684
    ],
    [
      31.421235969648933,
      0.0,
      27.091891525615168,
      70.51133830446274,
      64.54315034844525,
      71.28639134173017,
      39.98678508182108,
      42.24043721841767,
      19.573196124716798,
      77.92626986273437,
      76.58369593285708,
      81.56767772844057,
      21.936877095170082,
      77.63779950116259,
      54.840092402267416,
      19.193748046666006,
      58.45596046436197,
      97.82389464858616,
      70.82535954431975,
      66.61679590689936,
      85.85247289424545,
      42.243721746133346,
      17.56061598003869,
      75.04529189876463,
      39.84392539836514,
      39.96717151058137,
      20.002796257921766,
      58.09701603618574,
      34.46383631416764,
      15.439805521024848,
      40.67909330834983,
      43.6589705651758,
      97.48700222759156,
      61.28053406369052,
      51.50407410127777,
      7.574613860056605,
      88.93253995364005,
      50.2726770660629,
      76.30728212235292,
      43.660812227751705,
      66.71702436721647,
      20.775910092363976,
      43.134060629455035,
      41.076212234070915,
      75.19762197968937,
      65.23973675528067,
      17.492242837305458,
      29.145204179710266,
      71.31476284308306,
      53.637752647003325,
      33.6659807034618,
      25.3667657842937,
      44.08977639607456,
      26.29075986255505,
      32.82999315971915,
      31.52476758578157,
      72.1394424486034,
      6.859979348623348,
      23.819184560350486,
      28.942869207761163,
      70.80837897023963,
      31.138354033104985,
      14.595472701944022,
      25.09854013619265,
      40.37791408419905,
      32.58000208058401,
      48.58260891067108,
      54.426274307173784,
      26.191592962286474,
      40.7802346227421,
      48.145032753694586,
      28.53737219068615,
      76.71912655900086,
      73.3223599097715,
      59.57932967976379,
      22.088617981273757,
      59.11106143543222,
      14.165899215285483,
      16.926507057170035,
      26.621831155642948,
      76.63684012763824,
      27.25495481935124,
      28.527200369256434,
      58.967787500778094,
      63.1993162161195,
      29.16310561569526,
      25.023900966900623,
      29.749197419004776,
      64.36049035213168,
      47.62106604432632,
      71.16426961040463,
      68.2501001471614,
      27.473004358419843,
      59.987536535939896,
      22.444804643967917,
      58.05122176788568,
      21.71356206012854,
      67.46401290977957,
      69.37481339030145,
      80.58835018077424,
      65.46733833775366,
      48.789068270555696
    ],
    [
      12.228462804253521,
      27.091891525615168,
      0.0,
      49.51665613353684,
      38.032784223665224,
      48.01965553525258,
      26.294283166080337,
      15.378401682912882,
      7.5630068554124215,
      57.519383232158894,
      49.492260790935795,
      65.06824039109193,
      19.18680739218505,
      54.310578694341366,
      34.13363798729809,
      30.494132713006948,
      61.383409904790184,
      76.06533046061531,
      43.818564054010686,
      40.37121552240943,
      66.04548057482843,
      25.903517555265378,
      11.386175420487177,
      53.513785889049444,
      30.34046970246408,
      20.46217625298882,
      38.30821182663581,
      62.606047217613764,
      48.99291858192713,
      42.37268739467978,
      48.02082355126973,
      55.24614375761594,
      75.63604475473895,
      41.54080647476838,
      27.665884641738593,
      20.88545157208959,
      68.48427384697405,
      38.366321200916076,
      53.001878770499616,
      21.67841059186961,
      44.39125926407343,
      12.985656504114429,
      41.66617846704854,
      23.488159806245253,
      58.30997182784991,
      44.756017200579805,
      30.77675259432352,
      41.639779635783924,
      48.877170586426224,
      26.686514147375128,
      6.686782162444403,
      8.104894173627564,
      54.3395897317519,
      9.876319104489495,
      18.18126123517994,
      38.34125618268652,
      50.891614499916706,
      33.799189117558846,
      3.4964364692434504,
      21.504017686590107,
      55.54645277005238,
      17.21429886771982,
      30.42758646849973,
      48.699333776727556,
      37.94685473820398,
      8.900162274672143,
      48.33074411704661,
      45.837875925015,
      47.529088805977146,
      28.777515127006023,
      25.725949528602435,
      27.201982566878442,
      53.85665663797946,
      48.79319558507258,
      48.92620834495282,
      35.51252232927238,
      47.48624187810285,
      41.01223524891108,
      22.45217569338009,
      7.310009197875472,
      49.545836761755226,
      48.9015397306201,
      26.737637283698742,
      35.59711579654923,
      40.688933488270855,
      17.261663146542173,
      48.298172943248886,
      35.2427209641674,
      37.277134093659484,
      23.04034185484417,
      49.40881383553572,
      43.91351311555478,
      7.957869587988284,
      32.92119349842085,
      43.36888692510475,
      32.56225872661478,
      13.431227137553188,
      41.281412943879516,
      53.915733685455756,
      60.991201433871915,
      38.37581246895208,
      33.64107075693795
    ],
    [
      39.781750894456096,
      70.51133830446274,
      49.51665613353684,
      0.0,
      47.289346434596936,
      8.602592265772685,
      31.67538830343822,
      44.07437835032789,
      55.28933611922609,
      8.066732719179997,
      40.154449986637225,
      20.28470581456224,
      49.37712181951673,
      11.091180409625407,
      15.781878880104784,
      79.72934436754201,
      57.01979911042684,
      27.31272685308692,
      42.70817876514934,
      50.068634865923975,
      16.682884765225563,
      67.11273367687951,
      53.7611061472247,
      4.730083786650283,
      75.46085824440678,
      60.949202994637396,
      68.58928970945375,
      60.339015642187874,
      68.98197125942458,
      82.64725665683699,
      58.64275647655647,
      67.92729594706448,
      26.981166842360803,
      9.527899112863603,
      22.53877454945538,
      67.25011310311818,
      18.97019113845328,
      27.04669943077595,
      69.78462960982314,
      27.985258901255314,
      67.47619580411653,
      49.80482486309257,
      44.32344818476435,
      29.45877477926924,
      14.982734209227667,
      72.00634044572134,
      79.7420273941341,
      63.32981267204482,
      5.271384364795625,
      33.74668093178898,
      46.5374795931036,
      46.34431888314126,
      65.48581969101407,
      44.89750746941621,
      64.10804008847599,
      87.73531518927183,
      1.760092133998748,
      77.06283858228264,
      52.60196579148031,
      42.88004905988911,
      17.779451284422283,
      63.965552100071974,
      78.84316262100718,
      81.17882555463062,
      42.99472500541169,
      40.80637840967213,
      47.04090727804655,
      31.861899920384612,
      95.28293440974555,
      32.17085863244575,
      58.45968808799444,
      46.866286680903436,
      71.73395564739899,
      62.84333271911113,
      27.614696363759673,
      84.72506658995721,
      25.516453904920503,
      84.07003672671216,
      71.74637204397857,
      55.95120263070187,
      40.95752150741065,
      78.4884619941347,
      75.60092977480953,
      60.13792730964023,
      64.94168339272524,
      41.46276714443905,
      80.40668148968994,
      53.70016464147569,
      38.42208282027971,
      27.35989602624157,
      71.98586415828622,
      60.98680855284016,
      44.516585484871925,
      38.88128716194293,
      74.11715981979559,
      51.748371444065334,
      48.82109663516684,
      50.840109758562186,
      16.823619449013794,
      11.983073649273049,
      37.08861780675992,
      23.924831573416135
    ],
    [
      41.25404721117284,
      64.54315034844525,
      38.032784223665224,
      47.289346434596936,
      0.0,
      39.96950325799638,
      49.34790865511584,
      22.693030513962775,
      45.18205301344375,
      53.844156061089926,
      16.62685239219631,
      67.57271761873763,
      54.48035971255802,
      43.53574639670817,
      40.86177289148943,
      61.17645743836382,
      88.68279003675177,
      64.42931515384285,
      9.04503581293915,
      3.1054921170299234,
      61.413256473649774,
      33.101025840902,
      49.277630145551385,
      48.33932621663985,
      42.88991349190258,
      29.69146734327406,
      75.75206178170879,
      90.97868845422335,
      84.60857556754137,
      79.98013246775997,
      80.3411967721094,
      88.9820662473137,
      63.82910059262391,
      45.95953922278321,
      31.818525010346022,
      57.53538462406618,
      61.7474668445261,
      57.06665712930314,
      22.700640028050163,
      36.343040489236266,
      20.79841612588807,
      49.48516234346951,
      69.46111624111268,
      43.697376416674786,
      61.902925567199645,
      26.14793934520671,
      62.4395837062027,
      77.20574064584623,
      43.00885528716727,
      17.375149635550073,
      31.363748679935618,
      43.33430344634459,
      87.46080706711261,
      43.91029927761106,
      37.261775554058424,
      62.5935266235677,
      47.46116310295238,
      70.9238365668393,
      40.95214317712289,
      53.020655999138405,
      62.89620058709166,
      38.40184939809689,
      63.4948577469957,
      86.66027689728588,
      66.08896927872334,
      36.68086310061526,
      75.43564948023943,
      65.64283745114656,
      79.9685805723593,
      52.18861169482186,
      21.62874149986645,
      59.78650299261531,
      24.56737918409059,
      15.919124736267941,
      65.22568763819389,
      65.54373424026903,
      62.987900875134905,
      77.83836475289618,
      54.33557809317874,
      38.21361609495012,
      16.13887078466499,
      86.58189040044284,
      50.302536569302546,
      15.81536081240256,
      19.05265685013051,
      48.32299662913173,
      86.22879695137182,
      68.94793924868247,
      8.98586083524602,
      30.010476251859014,
      24.87814219813353,
      13.71921040987697,
      41.578842930187,
      9.086753720677796,
      81.06110594770664,
      8.776665751122216,
      49.42853171993488,
      4.085187689588361,
      61.442857884656476,
      58.17824460311721,
      10.597343184625672,
      50.39935258042481
    ],
    [
      39.901863311693596,
      71.28639134173017,
      48.01965553525258,
      8.602592265772685,
      39.96950325799638,
      0.0,
      34.67501199201987,
      40.0891504161932,
      54.51648415705105,
      13.883674071164291,
      31.686118747937314,
      28.16870867323841,
      51.20185242673079,
      6.367022996801584,
      17.40040399854754,
      78.51377527670266,
      64.25571453568067,
      28.357192465579377,
      34.68042260051414,
      42.59970858912114,
      21.65523631646043,
      62.716168310640924,
      53.96683013503883,
      8.376307331853633,
      71.58258368858719,
      56.76022388392826,
      71.73711822009383,
      67.46517907915545,
      73.69457281076643,
      84.40194818510284,
      64.17948269536424,
      73.58043593126371,
      27.878978793841004,
      14.399560091720495,
      20.37334580115042,
      67.2009571218896,
      22.628281081619825,
      32.780520921239756,
      62.15232803214315,
      27.651292809876132,
      60.52802568105235,
      50.550459349456474,
      50.01730851761697,
      31.181786963540663,
      23.41718105896405,
      65.36356035457061,
      78.75397937833065,
      67.55740267288016,
      3.381800705480596,
      28.26140950225621,
      44.02605824070077,
      46.23788792092173,
      71.24624134622135,
      45.06982918239578,
      60.82834642392563,
      85.52375852118628,
      8.040074574930989,
      78.02863397871008,
      51.337555886596945,
      45.27067854215205,
      26.36351413591632,
      60.90273491012054,
      78.18341051218898,
      84.36789089475386,
      48.20336479620831,
      39.81943694367325,
      53.47468683894206,
      38.79815711136609,
      95.03289107521411,
      35.83738570116313,
      53.22911335944784,
      50.152150778901614,
      64.14447098624846,
      55.18656545268509,
      35.17949977104374,
      83.5321193129268,
      32.96318030182428,
      85.21463379403484,
      70.47169865121852,
      53.80723487639336,
      32.501392304751874,
      82.08231800878839,
      73.0384957117793,
      53.70035041759933,
      58.22728703163111,
      42.9917647656713,
      83.63863904484914,
      57.82588910311363,
      30.99409180340198,
      25.000044540409462,
      64.83189905934441,
      53.6805279858449,
      44.23806995339526,
      32.055516666059255,
      77.39063268602382,
      45.23833865910151,
      49.678545260230926,
      43.3099538786425,
      25.35538302259967,
      18.213449163057636,
      29.50940789756193,
      28.297332114354955
    ],
    [
      14.079933146042233,
      39.98678508182108,
      26.294283166080337,
      31.67538830343822,
      49.34790865511584,
      34.67501199201987,
      0.0,
      31.688622364163326,
      28.86355293299316,
      38.49356992950756,
      52.96340494966634,
      41.74731247700336,
      18.156774130605186,
      40.619508781870465,
      17.29554269614026,
      52.55898708467507,
      39.48140613746316,
      58.70169907486864,
      50.61991442485669,
      52.400968239436544,
      46.07690784168021,
      51.17809453668646,
      25.052148443675247,
      36.38631396306759,
      56.58810550256007,
      45.12078240924394,
      37.12783147666911,
      41.65441165011346,
      39.787547358295754,
      51.12286505855914,
      32.23917908963605,
      41.49475343313566,
      58.42556556939148,
      22.154110748976436,
      19.94776019750685,
      38.17526181855388,
      49.324006484435095,
      12.11769065590428,
      70.09717443169947,
      13.088414690316725,
      63.62788210020471,
      20.300926843994247,
      20.135690382214577,
      5.676769792462338,
      35.26687298996505,
      65.84667351916151,
      52.05643035915494,
      33.200441467463925,
      33.69782175387381,
      32.148467800544175,
      27.6635732231219,
      19.497646742736265,
      39.55016229792534,
      17.551208852662853,
      44.37673462425804,
      62.69929238138848,
      33.40464344949183,
      46.19496232922473,
      28.017407620831655,
      11.32701481061766,
      31.213938275287695,
      43.491676841752806,
      50.496260351905114,
      49.75995008721485,
      16.8935371425208,
      18.519718028019668,
      26.130729785617888,
      19.698043546111546,
      65.77074653402425,
      2.942260329376011,
      47.4462910842092,
      15.477560596704027,
      71.51431040639253,
      64.21895331952186,
      22.672294545434376,
      57.298244121788244,
      21.35911906961766,
      52.95163876839337,
      45.146170505370684,
      33.586964679708515,
      53.4302271256872,
      47.40773772690486,
      52.30458528161104,
      54.589465664275444,
      60.114141497225134,
      11.266092286312857,
      49.01597624071682,
      23.509340615768245,
      43.6627111797344,
      19.685200997122,
      68.82280326776772,
      60.26545453373034,
      18.611740153610562,
      40.80844225751995,
      42.749843467175396,
      48.2710142827893,
      19.17972407226348,
      53.40204903416446,
      29.696408554965455,
      40.815040361487306,
      43.6419936527553,
      8.817331714064586
    ],
    [
      20.207106237552765,
      42.24043721841767,
      15.378401682912882,
      44.07437835032789,
      22.693030513962775,
      40.0891504161932,
      31.688622364163326,
      0.0,
      22.700653796773214,
      52.038991502653325,
      34.66593374014896,
      62.56026436253198,
      32.41223433557266,
      45.86630565765141,
      31.109145371973806,
      41.94570321933152,
      70.6354378221034,
      68.33765293302463,
      28.598318654091443,
      25.134222771707865,
      60.6177401722177,
      23.069855728196913,
      26.5849747994952,
      47.1662794839682,
      31.524290055134557,
      16.87491079023636,
      53.18327208796204,
      72.44279614611574,
      62.73838201870425,
      57.62193769222212,
      59.825652547738414,
      67.93405713715292,
      67.83173965762768,
      38.31926412506531,
      21.89434413892305,
      35.55991469429828,
      62.33144472367758,
      42.20015893425473,
      39.60863604021031,
      20.783352757285986,
      32.20342823749396,
      27.018198372748028,
      50.75082370135336,
      26.69990749225405,
      55.958828713980694,
      34.158701955412695,
      42.79027944943027,
      55.31132562458629,
      41.883387385997324,
      13.448521057824186,
      8.692390481563782,
      20.948563937973645,
      66.67070421645593,
      21.790368839157363,
      20.964774417170734,
      46.59892271672473,
      45.057859554712806,
      48.8095464834678,
      18.44560847659389,
      32.14055452904066,
      54.74257920474974,
      21.282226465930087,
      43.219758646612895,
      63.968483929036196,
      47.11373614723195,
      15.116470756901085,
      57.212245730275534,
      50.69242484040991,
      60.289402948431245,
      34.61968559565286,
      16.111522250585697,
      38.76694292178113,
      40.773272480618814,
      34.59074865229819,
      52.11176641653563,
      46.76813467555729,
      50.191106811202964,
      55.90404909213576,
      34.287762902626504,
      16.917305057226223,
      34.63813116722567,
      63.95393174465805,
      33.83208019173211,
      23.10607393903971,
      28.602324733369663,
      27.331029234978086,
      63.54061372705391,
      47.69239115040723,
      22.334472558484368,
      17.379332427805167,
      37.403417025381216,
      30.00767314307083,
      19.384217351452342,
      17.89851647823895,
      58.425977772120824,
      18.067643158659962,
      27.071544690363563,
      26.07079249435583,
      53.10494952643705,
      56.05619664095519,
      23.626468335762375,
      36.00298497752784
    ],
    [
      15.886066504705578,
      19.573196124716798,
      7.5630068554124215,
      55.28933611922609,
      45.18205301344375,
      54.51648415705105,
      28.86355293299316,
      22.700653796773214,
      0.0,
      63.17149076965565,
      57.03170502669069,
      69.56296840166844,
      16.55668582217474,
      60.860948256935956,
      39.60272198685126,
      24.50871350977649,
      60.03496952405571,
      82.23116620771755,
      51.26189008261314,
      47.389152662489806,
      71.57070034504103,
      28.26752073113576,
      6.276514711754879,
      59.49248820660295,
      30.282044371155155,
      23.947319095623556,
      32.410109839506205,
      60.84383930730272,
      44.302340601524435,
      34.923063088062115,
      45.106850320151025,
      51.44382710296601,
      81.82776534824106,
      46.79972231802747,
      34.17239038703178,
      13.371207414273742,
      74.22081345098177,
      40.88012462716712,
      58.78181140947518,
      27.322784020324075,
      49.708132799302916,
      10.40740242489072,
      40.98276386063042,
      27.41343724625497,
      62.85686536129052,
      49.33681825303336,
      24.452798587772666,
      37.16852278941729,
      55.11264748717126,
      34.24134059714846,
      14.093364039363248,
      9.486659877473423,
      50.85632229849564,
      11.35696784536932,
      19.13604956652803,
      33.87526161330405,
      56.75856364100793,
      26.24579273437084,
      4.2551812920369905,
      21.173983055889657,
      59.54396810888486,
      17.685806497665613,
      23.676709995981376,
      42.00066920737238,
      37.375325649490435,
      14.697926003045009,
      47.54427783836171,
      47.510627177475676,
      40.56555507815745,
      30.875528120904754,
      30.798658298701923,
      25.44818104578196,
      59.46384134194719,
      55.05893700284983,
      51.335986079258106,
      29.473534735643856,
      50.17246864790445,
      33.45003440963212,
      16.653690175036576,
      8.877366923337208,
      57.07468938293456,
      42.61460907693902,
      23.71014149953748,
      41.26543646766753,
      46.044143308920205,
      18.11778189296994,
      41.66210544079449,
      32.189439334949206,
      44.79107625320139,
      29.7643740437644,
      54.54295227332152,
      50.07134105292333,
      10.941072163011773,
      40.4145019319476,
      37.11729931219838,
      39.18098659633139,
      11.37061178242925,
      48.270124175598106,
      57.95272394669623,
      66.41558962458829,
      45.91589402707009,
      37.105715859797684
    ],
    [
      47.54228596036286,
      77.92626986273437,
      57.519383232158894,
      8.066732719179997,
      53.844156061089926,
      13.883674071164291,
      38.49356992950756,
      52.038991502653325,
      63.17149076965565,
      0.0,
      44.92556699592568,
      14.93021644774074,
      56.497320688223255,
      12.263520308033568,
      23.572140591669395,
      87.64742768530142,
      59.25869457747271,
      20.265352480378496,
      48.44424040783583,
      56.4833651293151,
      8.619692129697137,
      75.04236019169895,
      61.422518861311296,
      5.507388366868862,
      83.47328298610462,
      68.9079852424095,
      74.87227639790282,
      62.7197416333806,
      74.11404030744553,
      89.61642883038256,
      63.10160919554906,
      72.16577051600221,
      20.029475123362232,
      16.652647280781032,
      30.598697650908225,
      74.93327533038187,
      11.071043603683712,
      32.05237879981714,
      76.01889165033714,
      35.92238054653701,
      74.3484118225246,
      57.32612691382311,
      48.84205377374938,
      36.86907504314443,
      12.006496253741084,
      79.09366357730225,
      87.61856917517805,
      68.90601854972796,
      10.901776581669683,
      41.30389993714522,
      54.603786875576624,
      54.119903020226324,
      69.6318276837917,
      52.613094585715345,
      72.16317608802497,
      95.77252291727173,
      6.98725445530325,
      84.38558933256462,
      60.569977571147824,
      49.810583730678545,
      17.079844225589653,
      72.0289429657221,
      86.65248163961931,
      87.36500916202658,
      48.01772602734055,
      48.76824645858306,
      50.64343528130213,
      35.18443206739283,
      102.96462325580114,
      38.60599354827708,
      66.17392611532892,
      53.26452060998921,
      78.01681777383052,
      69.05174755410079,
      30.0420766694052,
      92.63362569883475,
      28.293071683098226,
      91.30115408300635,
      79.68412403023353,
      64.00066765341407,
      45.76498830050041,
      84.42009055531733,
      83.66187263313174,
      67.33789116749865,
      71.97679988787623,
      48.777807289288674,
      86.56922516371556,
      59.45227583959895,
      44.873583291232556,
      35.42259451122304,
      78.69551752277494,
      67.55868933746386,
      52.33920021247253,
      45.804744177461686,
      80.2868852036058,
      58.89455832086096,
      56.31233798062955,
      57.19249468968039,
      16.845431942510988,
      4.335836973129747,
      43.39280497772231,
      30.19071912780227
    ],
    [
      48.99784704353824,
      76.58369593285708,
      49.492260790935795,
      40.154449986637225,
      16.62685239219631,
      31.686118747937314,
      52.96340494966634,
      34.66593374014896,
      57.03170502669069,
      44.92556699592568,
      0.0,
      59.69575710298407,
      62.776002380754726,
      33.07031148138655,
      39.6273652898217,
      75.89091810789847,
      90.31952947134752,
      51.262832434691646,
      7.5821930513968105,
      17.313606711351518,
      51.18321881269117,
      49.446025818261276,
      59.91564314829699,
      39.62443901956408,
      59.27938463742499,
      45.48851138223298,
      84.81818353698142,
      93.07304366633522,
      91.55244095837183,
      91.8050180521213,
      85.18717341651652,
      94.36761097823215,
      50.64026611703447,
      42.236173996403984,
      33.09728566799971,
      70.15153752511199,
      50.63402002782215,
      57.508658264180426,
      33.426526489034835,
      40.29878667250502,
      35.37246702736003,
      58.91991130983149,
      72.59678564508937,
      47.45133426108836,
      55.09169707147696,
      41.259662100278334,
      76.9501477244487,
      84.37464782470585,
      35.06162351615953,
      23.34567967638422,
      42.97888467443342,
      52.86850715562438,
      92.4920833096231,
      52.88219303026801,
      52.61916194874542,
      78.43851685576622,
      39.726186196725614,
      83.27510373610664,
      52.81324528960798,
      59.60333402705959,
      57.588700948984965,
      53.56294254296323,
      77.64471764705695,
      96.5999589841884,
      69.68683090271327,
      45.49398729265875,
      77.7708734507809,
      65.46467848063617,
      94.54075199456005,
      55.432495997427104,
      37.95433168616281,
      66.15795666442942,
      35.52258025747562,
      26.78059758712431,
      63.54464213263432,
      80.496781388035,
      61.22297025499249,
      90.44703801529221,
      68.57026866982216,
      51.49544294127868,
      1.0,
      95.80112201825793,
      65.89154843973363,
      32.195474984553286,
      34.55102856493242,
      55.378820887991715,
      96.06235044002347,
      75.25881524680794,
      12.336584286266957,
      33.73998736269762,
      38.270978357323635,
      27.372357593849294,
      50.84141063428658,
      16.78286981873796,
      90.40563125059187,
      25.334656789671268,
      58.57753327983243,
      17.40199442657856,
      56.39261953968619,
      49.06546043331627,
      11.116464438935443,
      51.165718872641825
    ],
    [
      53.700555524595096,
      81.56767772844057,
      65.06824039109193,
      20.28470581456224,
      67.57271761873763,
      28.16870867323841,
      41.74731247700336,
      62.56026436253198,
      69.56296840166844,
      14.93021644774074,
      59.69575710298407,
      0.0,
      59.630822636244694,
      27.1846113929112,
      31.67065187877657,
      93.88660618927398,
      51.13411307206369,
      25.877905020900382,
      62.816873112390894,
      70.3517677359689,
      12.50060727391809,
      85.55456225297362,
      66.5858918780073,
      20.073971289887425,
      93.25474429556904,
      79.27476266264931,
      74.7942767631896,
      54.702961828880184,
      71.14321557905565,
      91.34563808336637,
      59.02397286966021,
      67.30901842787884,
      26.017833300956234,
      24.273961365646734,
      40.681256246344894,
      79.88566684148813,
      16.040078826956034,
      31.68873541662323,
      90.05718314005694,
      43.718028820252655,
      87.67921191117517,
      61.97160779046134,
      45.6510439541917,
      42.15299940442723,
      6.762124622119264,
      92.08856484153273,
      93.54070560265997,
      67.15435371712107,
      24.871434166877926,
      53.51048542468312,
      63.45904422545424,
      60.108663395312206,
      64.66557893625905,
      58.33622442744483,
      81.40743758109961,
      103.22583653791608,
      20.245727695794717,
      87.52311661852066,
      67.70005984408589,
      52.62653555746852,
      10.960856355150655,
      81.01470447823593,
      92.1334189338362,
      86.72683504641601,
      45.98703840933979,
      56.17733166043571,
      45.46137469605631,
      30.92690929299077,
      107.49972410867093,
      40.78844621485777,
      77.73064656834944,
      54.31826909054252,
      92.01228137761218,
      83.11001728228993,
      24.941132287484862,
      98.73687264348811,
      24.21981369089233,
      93.95986878506824,
      86.1944308766446,
      72.08715577041725,
      60.52694020061683,
      83.15475031254019,
      91.78697754129607,
      80.15817441820495,
      85.06809296872771,
      52.958470387106765,
      85.88156895845182,
      58.5015865841941,
      58.704019245693814,
      45.22113497946445,
      92.23699259013627,
      81.26550853923693,
      58.65888963780354,
      59.10699603669362,
      79.75681184190834,
      71.8308411246562,
      60.86525677269854,
      71.11933722447532,
      12.251017643736757,
      11.276779315994562,
      57.353578162435966,
      32.952239309858236
    ],
    [
      13.778163130930858,
      21.936877095170082,
      19.18680739218505,
      49.37712181951673,
      54.48035971255802,
      51.20185242673079,
      18.156774130605186,
      32.41223433557266,
      16.55668582217474,
      56.497320688223255,
      62.776002380754726,
      59.630822636244694,
      0.0,
      57.433125992099264,
      34.0733273611974,
      36.505827724141646,
      43.488529310695434,
      76.60963089480111,
      58.50708023929468,
      57.18555953942233,
      64.21007033034337,
      44.353517625721636,
      10.495911655728829,
      54.02220687134018,
      46.83387890576088,
      39.393429624165705,
      22.089497982887135,
      44.295815839953946,
      30.328547184903034,
      33.309763757255574,
      28.93260428499211,
      36.08168354396914,
      76.30798772082763,
      39.953918292374176,
      32.82323815325277,
      21.22554285829268,
      67.40783296888485,
      28.44962292769802,
      71.6497462385865,
      24.501658165908733,
      63.37851633682228,
      6.373494263168101,
      24.73063322115986,
      20.091914502958318,
      53.274851552468334,
      63.93365762727632,
      35.6299532020374,
      22.902427937424882,
      50.7679327054362,
      39.586293728250254,
      24.592894833065884,
      11.602367971597392,
      35.15342255334902,
      10.629472248762976,
      35.550695901709375,
      47.806876648138136,
      51.06386532621466,
      28.040475051440957,
      18.445088942963086,
      7.0085839742747655,
      48.88251007453025,
      34.168683149052455,
      33.63200483749747,
      34.262607539238786,
      21.255466306351472,
      17.818897195911994,
      31.176466470561543,
      33.377255443694125,
      47.974445797133406,
      18.843691134942528,
      44.87504435658022,
      8.965751009377799,
      72.63298398632931,
      66.95784785862915,
      38.12730430755844,
      40.88129966610153,
      37.46526639289974,
      34.82141502235041,
      30.005250689490108,
      24.673814654574258,
      63.03719688139502,
      33.06281764694318,
      39.42197460322021,
      54.450451963438304,
      59.67604522390292,
      8.2557103293064,
      33.64453806494287,
      16.07732955634224,
      51.47222679321885,
      30.015116887725465,
      68.45378322524067,
      62.262431274755436,
      13.028202748346715,
      47.586703026423756,
      27.74491502046507,
      50.45600524849212,
      5.76010989405472,
      58.1591830932259,
      47.44137340382593,
      58.94515969520269,
      52.07953044868447,
      26.911891145926504
    ],
    [
      46.26341649321813,
      77.63779950116259,
      54.310578694341366,
      11.091180409625407,
