{
  "name": "r-n41-k10",
  "n": 42,
  "m": 10,
  "prob_compat": 0.7,
  "layout": "R",
  "coords": [
    [
      50.0,
      50.0
    ],
    [
      3.8464227239776827,
      44.525728654026565
    ],
    [
      10.863706290673536,
      38.533140189737956
    ],
    [
      61.89235491586843,
      49.9241872724826
    ],
    [
      26.281391236297047,
      50.96978573300961
    ],
    [
      26.797077341526265,
      92.86846925689085
    ],
    [
      99.70764528236015,
      19.036240433655717
    ],
    [
      75.43145200177047,
      48.994563324332454
    ],
    [
      2.817480728845312,
      56.07118226468509
    ],
    [
      66.06706978924237,
      14.783764401192666
    ],
    [
      31.14273518825592,
      5.061832306692427
    ],
    [
      79.29403815381636,
      76.60134047824647
    ],
    [
      18.82923149461867,
      77.09309885931714
    ],
    [
      61.78000443735774,
      45.817314338842394
    ],
    [
      28.248815814064354,
      80.7930514120457
    ],
    [
      17.227430275702304,
      14.515603306340342
    ],
    [
      93.030369677791,
      35.30992389039051
    ],
    [
      94.68475066760173,
      41.19037257184307
    ],
    [
      28.869531555826843,
      76.51844841880737
    ],
    [
      77.74181375487248,
      91.99796054517034
    ],
    [
      14.358868776922783,
      67.5322515328617
    ],
    [
      89.57138052033264,
      28.02101025331384
    ],
    [
      84.91351330093873,
      13.94234820826874
    ],
    [
      43.911295364308764,
      73.71022779241791
    ],
    [
      4.086299260892112,
      59.715737769646125
    ],
    [
      2.003072872501288,
      33.962010647287
    ],
    [
      90.81866157884315,
      59.22097531617388
    ],
    [
      61.705704001795546,
      64.70712032792478
    ],
    [
      71.03170690877153,
      84.2635628883906
    ],
    [
      33.72154496920883,
      52.30365707691791
    ],
    [
      23.175043185857913,
      59.112299118831544
    ],
    [
      79.14283165200199,
      48.411803461702554
    ],
    [
      93.06068186658304,
      21.499169445943668
    ],
    [
      29.90015761569962,
      98.0078150747762
    ],
    [
      96.85572248066427,
      77.21039335290207
    ],
    [
      53.15023806235425,
      30.34469002827467
    ],
    [
      58.887969897820994,
      58.7985024498195
    ],
    [
      50.554273304116236,
      20.07164832396541
    ],
    [
      83.27555585331669,
      37.876648043001225
    ],
    [
      96.89103971162176,
      37.261807339601646
    ],
    [
      46.729037053562806,
      90.57618111970416
    ],
    [
      28.80252608201982,
      45.670447419387784
    ]
  ],
  "c": [
    [
      0.0,
      46.47709481177916,
      40.78159338734657,
      11.892596563183066,
      23.738426360092944,
      48.745064122679224,
      58.56282443666219,
      25.451319294432114,
      47.57151856798257,
      38.708319278458596,
      48.73433442463408,
      39.56983682802903,
      41.2995498161518,
      12.50053454393937,
      37.70047783192391,
      48.303040639766756,
      45.468792052499865,
      45.544884209411144,
      33.90759211756483,
      50.333258590754056,
      39.71989525001471,
      45.26555143340128,
      50.19071292329455,
      24.47952667248766,
      46.93041099296792,
      50.605554202677766,
      41.84721638137492,
      18.796885234466657,
      40.203537621746236,
      16.44064883505284,
      28.33041304520014,
      29.186075531684434,
      51.638354593132654,
      52.04569119655947,
      54.18361593327529,
      19.906160100182824,
      12.506384540068002,
      29.933483808939755,
      35.41522666905387,
      48.590443067441925,
      40.707808499795235,
      21.63510864432476
    ],
    [
      46.47709481177916,
      0.0,
      9.227859186059602,
      58.29642870262947,
      23.342101100499775,
      53.51404597271474,
      99.19217711152508,
      71.72438148923264,
      11.591213081693175,
      68.96371044859086,
      47.98424521716107,
      81.98284910849871,
      35.848544750743294,
      57.947977391123025,
      43.71264678050784,
      32.858164685252135,
      89.65883922794252,
      90.89954028370192,
      40.61637715944596,
      87.83018624786911,
      25.29449776118208,
      87.29933630144998,
      86.64419388570228,
      49.56741883177613,
      15.19190303041615,
      10.723342613236403,
      88.20499195560942,
      61.27793240540132,
      78.05740119059374,
      30.87100742961146,
      24.21494594014482,
      75.39662309989163,
      92.13797514232279,
      59.490593119624066,
      98.5850756844417,
      51.30271009825703,
      56.86197312014676,
      52.72215237075999,
      79.70694739262176,
      93.32773062300156,
      62.92505688542181,
      24.982343282187365
    ],
    [
      40.78159338734657,
      9.227859186059602,
      0.0,
      52.28459557226115,
      19.80846186485676,
      56.623319382388225,
      90.95809252428974,
      65.40974820478905,
      19.295716250360698,
      60.09529259351903,
      39.13524580771925,
      78.30643774368657,
      39.3741032199381,
      51.4347023904729,
      45.6961938202475,
      24.846308798350616,
      82.22985890468406,
      83.86315260214985,
      42.03680987820842,
      85.62224169940659,
      29.208981829159534,
      79.40656684709651,
      78.0261556693229,
      48.26562581989872,
      22.240406612282566,
      9.970258264714042,
      82.58802211793062,
      57.18379112591202,
      75.57420101183263,
      26.68535037045705,
      23.980633819305535,
      68.99004963144228,
      83.94342709901177,
      62.446964952118265,
      94.28974896915952,
      43.07204993176121,
      52.12499211070564,
      43.77405386480183,
      72.41482540903894,
      86.03672694108505,
      63.20443069888051,
      19.30653801168943
    ],
    [
      11.892596563183066,
      58.29642870262947,
      52.28459557226115,
      0.0,
      35.62631064716649,
      55.46070557770154,
      48.82685168450119,
      13.570974562884393,
      59.39382381735304,
      35.387534017603514,
      54.38906145972125,
      31.85104523681563,
      50.91740719642961,
      4.108409415222402,
      45.65933088166563,
      56.9975728570881,
      34.396986169065244,
      33.93553798547186,
      42.400018733338165,
      44.960068315015015,
      50.690001297287196,
      35.29699168407455,
      42.71611494311578,
      29.81768311275609,
      58.629468115655996,
      61.97997407456637,
      30.383572618929733,
      14.784111345813432,
      35.534778352208676,
      28.27112324618594,
      39.792607691628206,
      17.316646685054085,
      42.18348306322865,
      57.75409899498417,
      44.35058188721021,
      21.44251196610235,
      9.369087426392179,
      31.933151681402965,
      24.543522237388437,
      37.21886353715171,
      43.3879109009394,
      33.362120361140214
    ],
    [
      23.738426360092944,
      23.342101100499775,
      19.80846186485676,
      35.62631064716649,
      0.0,
      41.90185691820213,
      80.06975770303595,
      49.189734465775174,
      24.012066609833788,
      53.78037149132576,
      46.1646277230972,
      58.88393101568241,
      27.16545919933258,
      35.87059381535566,
      29.888090190434966,
      37.56170424079365,
      68.5613403888295,
      69.09888930558188,
      25.6794204635979,
      65.81402748812388,
      20.407396089789447,
      67.32212889972232,
      69.34520075283963,
      28.773967828928125,
      23.856105818507576,
      29.64289385232739,
      65.06259595807869,
      37.994687742900496,
      55.77693385314653,
      7.558776377923933,
      8.714925269258275,
      52.92329502330183,
      72.99308790168888,
      47.17702485814032,
      75.29479210975235,
      33.87225269437508,
      33.53323392460393,
      39.2920818896942,
      58.47875729665817,
      71.9279579123658,
      44.573229353453016,
      5.868484256819455
    ],
    [
      48.745064122679224,
      53.51404597271474,
      56.623319382388225,
      55.46070557770154,
      41.90185691820213,
      0.0,
      103.76487329757362,
      65.4997864147051,
      43.921081312891815,
      87.40339489542254,
      87.91410714228289,
      54.95953396116203,
      17.673394654698555,
      58.63118937318648,
      12.162370686681601,
      78.93509832532908,
      87.74870459675506,
      85.31917642955237,
      16.48084487749752,
      50.952173198427026,
      28.22468708163094,
      90.2541194561517,
      98.01455357448832,
      25.689193730874145,
      40.185607449597676,
      63.91176357709902,
      72.32507930687976,
      44.85168657704012,
      45.063808833276234,
      41.15157638685673,
      33.949935991315726,
      68.67658354896342,
      97.38810112204668,
      6.003497532587107,
      71.78710956534425,
      67.85065990103948,
      46.80371804990065,
      76.5753321765261,
      78.82841451803515,
      89.47214320850968,
      20.06333977348075,
      47.2406084849059
    ],
    [
      58.56282443666219,
      99.19217711152508,
      90.95809252428974,
      48.82685168450119,
      80.06975770303595,
      103.76487329757362,
      0.0,
      38.55949520699919,
      103.72700180586978,
      33.90828618368715,
      69.97450234700875,
      61.077459828829454,
      99.5586090053413,
      46.4298595688439,
      94.44717047746623,
      82.60400733367219,
      17.59030365711115,
      22.716404669472563,
      91.22632619579448,
      76.19652456854557,
      98.16453913460505,
      13.545108048227597,
      15.64653568965264,
      78.11835608794978,
      103.91469250527652,
      98.8380599074237,
      41.156128934335676,
      59.41360796491179,
      71.25245986083436,
      73.89781082450054,
      86.39056466651434,
      35.85854518613544,
      7.0885923828535224,
      105.40206324180294,
      58.244017130849514,
      47.91109682822441,
      56.98493993276832,
      49.16427611926092,
      24.999490432614138,
      18.441923868843674,
      89.02076186611595,
      75.74243797616558
    ],
    [
      25.451319294432114,
      71.72438148923264,
      65.40974820478905,
      13.570974562884393,
      49.189734465775174,
      65.4997864147051,
      38.55949520699919,
      0.0,
      72.95798352238197,
      35.4692883658781,
      62.3824918679592,
      27.875683249166208,
      63.19287195207251,
      14.016309490008695,
      56.897671325686744,
      67.6498841758869,
      22.293300783068148,
      20.774862281539697,
      54.08860033600649,
      43.06541470789948,
      63.82402608636179,
      25.294811858025,
      36.31208161237786,
      40.05476681431441,
      72.14620157088042,
      74.95134756320155,
      18.47554385655901,
      20.86337953807949,
      35.54237030830811,
      41.8409661232665,
      53.22688080230769,
      3.756853466086356,
      32.66169668210975,
      66.89841265398921,
      35.42784822359286,
      29.056329234317346,
      19.230289194392064,
      38.1498234867932,
      13.606542743720784,
      24.45754418730624,
      50.52583064472535,
      46.7472617270691
    ],
    [
      47.57151856798257,
      11.591213081693175,
      19.295716250360698,
      59.39382381735304,
      24.012066609833788,
      43.921081312891815,
      103.72700180586978,
      72.95798352238197,
      0.0,
      75.53251875943057,
      58.34615517176198,
      79.1842865210564,
      26.425312484375848,
      59.84748122951805,
      35.46721892615649,
      43.98309662252294,
      92.57102776678579,
      93.06467527002349,
      33.11797163881181,
      83.09265356823173,
      16.265292707057185,
      91.17593585425345,
      92.2745751712317,
      44.71954302565335,
      3.8591042090110976,
      22.12416619364527,
      88.05753248451397,
      59.51808352489981,
      73.81050723682921,
      31.132867401075913,
      20.5834579434978,
      76.7087040510436,
      96.63880908788875,
      49.921463908885556,
      96.38494258547723,
      56.52644393188009,
      56.13677966396417,
      59.7893620079983,
      82.48965346198943,
      95.93553608938805,
      55.846394018268576,
      27.989245565551027
    ],
    [
      38.708319278458596,
      68.96371044859086,
      60.09529259351903,
      35.387534017603514,
      53.78037149132576,
      87.40339489542254,
      33.90828618368715,
      35.4692883658781,
      75.53251875943057,
      0.0,
      36.25224284057102,
      63.216812670046686,
      78.19121771249911,
      31.328264411932064,
      76.07526736996878,
      48.840375696603076,
      33.88720649826116,
      38.93944804351849,
      72.075155645903,
      78.0918160425513,
      73.86569533017543,
      26.975494447611975,
      18.865217047499787,
      62.95400247931779,
      76.55389046986066,
      66.8730201951732,
      50.86557785007025,
      50.113500960510535,
      69.65694523556311,
      49.537615226021394,
      61.6826145389311,
      36.08075053746496,
      27.816393689639558,
      90.74297849799704,
      69.60621478594712,
      20.22342572939414,
      44.59637474885426,
      16.38928220422298,
      28.799535890558193,
      38.14943690432019,
      78.22052123400044,
      48.40075831610453
    ],
    [
      48.73433442463408,
      47.98424521716107,
      39.13524580771925,
      54.38906145972125,
      46.1646277230972,
      87.91410714228289,
      69.97450234700875,
      62.3824918679592,
      58.34615517176198,
      36.25224284057102,
      0.0,
      86.23484914295982,
      73.0761639277028,
      50.98677850889247,
      75.78649164941828,
      16.822886105633682,
      68.88415164002588,
      73.09486406628056,
      71.4927649552642,
      98.63754111064803,
      64.68579017069217,
      62.77762696475742,
      54.49917560405404,
      69.82577125771013,
      60.98442512187045,
      41.04071427246829,
      80.58801996634642,
      67.01981383018875,
      88.67944627734207,
      47.31215771349926,
      54.634577681677285,
      64.67788849111524,
      64.0626113508462,
      92.95428829133569,
      97.58899302652354,
      33.519443272871,
      60.476671263885706,
      24.53777473398683,
      61.60067469032533,
      73.20982133441679,
      86.92316525961253,
      40.675990461597124
    ],
    [
      39.56983682802903,
      81.98284910849871,
      78.30643774368657,
      31.85104523681563,
      58.88393101568241,
      54.95953396116203,
      61.077459828829454,
      27.875683249166208,
      79.1842865210564,
      63.216812670046686,
      86.23484914295982,
      0.0,
      60.46680635389561,
      35.41747651051332,
      51.217039784306635,
      87.78896612715391,
      43.51629450640767,
      38.61101759537453,
      50.424574730424915,
      15.474666719185896,
      65.56542226131971,
      49.65553595403128,
      62.91047459062962,
      35.50066224552171,
      77.08000757796384,
      88.27233860361241,
      20.85411322151251,
      21.23256864412453,
      11.268352579918634,
      51.64522779243303,
      58.78101873806774,
      28.189942543632306,
      56.79586016240452,
      53.83300650405493,
      17.572242366868885,
      53.13356748867152,
      27.080411066576282,
      63.41593000716654,
      38.92883619369804,
      43.09586211449935,
      35.4369223778484,
      59.21243903703788
    ],
    [
      41.2995498161518,
      35.848544750743294,
      39.3741032199381,
      50.91740719642961,
      27.16545919933258,
      17.673394654698555,
      99.5586090053413,
      63.19287195207251,
      26.425312484375848,
      78.19121771249911,
      73.0761639277028,
      60.46680635389561,
      0.0,
      53.131380499191756,
      10.1201886169967,
      62.59799291373289,
      85.15657706931492,
      83.92297387411914,
      10.056731499243424,
      60.76880162094351,
      10.554332969333286,
      86.09600181734203,
      91.40650747976325,
      25.309163254016855,
      22.788741283560743,
      46.2969802938656,
      74.1747318417318,
      44.62963543251061,
      52.69263699756798,
      28.918807453081815,
      18.498519901958602,
      66.78582985656416,
      92.74153984027093,
      23.66412389148643,
      78.02657914834971,
      57.99435507061733,
      44.03856015178744,
      65.25277081450207,
      75.44043171917191,
      87.63662297371306,
      30.986975610201995,
      32.96740251282135
    ],
    [
      12.50053454393937,
      57.947977391123025,
      51.4347023904729,
      4.108409415222402,
      35.87059381535566,
      58.63118937318648,
      46.4298595688439,
      14.016309490008695,
      59.84748122951805,
      31.328264411932064,
      50.98677850889247,
      35.41747651051332,
      53.131380499191756,
      0.0,
      48.45247975392723,
      54.4493248625919,
      32.96954021057463,
      33.22846542637741,
      45.007320061096365,
      48.861349149637,
      52.15652025073738,
      33.001045796913004,
      39.384929835745524,
      33.12560014348294,
      59.34416391567793,
      60.94119930661472,
      31.982835024055955,
      18.88995211375343,
      39.54374825624401,
      28.798433808829607,
      40.83013168641446,
      17.55560146204711,
      39.621369883728924,
      61.15695381916837,
      47.07261843403799,
      17.716516890831343,
      13.299440159286666,
      28.086586799136334,
      22.91534228193074,
      36.138366012379,
      47.22168754603111,
      32.97780539345836
    ],
    [
      37.70047783192391,
      43.71264678050784,
      45.6961938202475,
      45.65933088166563,
      29.888090190434966,
      12.162370686681601,
      94.44717047746623,
      56.897671325686744,
      35.46721892615649,
      76.07526736996878,
      75.78649164941828,
      51.217039784306635,
      10.1201886169967,
      48.45247975392723,
      0.0,
      67.18758119317648,
      79.15405618254863,
      77.34407288980647,
      4.3194350072519745,
      50.74551047975,
      19.203630962147873,
      80.903308153705,
      87.6350641017536,
      17.189521694584222,
      32.06369218543625,
      53.684126160952815,
      66.1841375717346,
      37.12304602331865,
      42.92342274713208,
      29.010280143217848,
      22.26652619252603,
      60.32201975177761,
      87.84271409638744,
      17.293785522825665,
      68.70038632444725,
      56.25938140697236,
      37.716282253424005,
      64.68865609073696,
      69.78366425949548,
      81.28175756033512,
      20.910002485358035,
      35.126968361728984
    ],
    [
      48.303040639766756,
      32.858164685252135,
      24.846308798350616,
      56.9975728570881,
      37.56170424079365,
      78.93509832532908,
      82.60400733367219,
      67.6498841758869,
      43.98309662252294,
      48.840375696603076,
      16.822886105633682,
      87.78896612715391,
      62.59799291373289,
      54.4493248625919,
      67.18758119317648,
      0.0,
      78.6033675522174,
      81.92179073763688,
      63.08637986330531,
      98.31330678575377,
      53.09419586213723,
      73.59377116170165,
      67.68851052214596,
      64.93098046475723,
      47.071663236487936,
      24.6970406488394,
      86.10597895181255,
      67.0634417144041,
      88.08903478791872,
      41.23096927420709,
      44.991547836465024,
      70.58660859228661,
      76.15413477200059,
      84.44848988714514,
      101.3474302509011,
      39.255676095658565,
      60.799471364130035,
      33.78680367360042,
      70.05778545960892,
      82.84733228222541,
      81.58159289802006,
      33.235630799395345
    ],
    [
      45.468792052499865,
      89.65883922794252,
      82.22985890468406,
      34.396986169065244,
      68.5613403888295,
      87.74870459675506,
      17.59030365711115,
      22.293300783068148,
      92.57102776678579,
      33.88720649826116,
      68.88415164002588,
      43.51629450640767,
      85.15657706931492,
      32.96954021057463,
      79.15405618254863,
      78.6033675522174,
      0.0,
      6.108735806584233,
      76.25454506009477,
      58.71348603159132,
      85.01460729012439,
      8.068015121464308,
      22.857310602379467,
      62.34794945450453,
      92.2317267182781,
      91.03727606749469,
      24.01312210024778,
      42.9584664309594,
      53.66935750287643,
      61.69541033114384,
      73.799184994213,
      19.09248440405019,
      13.810787709381296,
      88.97443022561987,
      42.07472715592241,
      40.18803858077749,
      41.44172758799714,
      45.12675265719897,
      10.08684616843889,
      4.326040003215776,
      72.09835359365762,
      65.0580997321452
    ],
    [
      45.544884209411144,
      90.89954028370192,
      83.86315260214985,
      33.93553798547186,
      69.09888930558188,
      85.31917642955237,
      22.716404669472563,
      20.774862281539697,
      93.06467527002349,
      38.93944804351849,
      73.09486406628056,
      38.61101759537453,
      83.92297387411914,
      33.22846542637741,
      77.34407288980647,
      81.92179073763688,
      6.108735806584233,
      0.0,
      74.69749667679501,
      53.55813763468735,
      84.53485605779582,
      14.12723108537835,
      28.947053587431167,
      60.29498110956365,
      92.47306933916434,
      92.96312502829919,
      18.440425162291888,
      40.504999000229546,
      49.14027068609472,
      61.96787507665001,
      73.72132469835454,
      17.137686856296497,
      19.758063670711074,
      86.16997893393426,
      36.085385070427535,
      42.9272007844831,
      39.89305392269976,
      48.92340489159562,
      11.880677445472411,
      4.5057004039038056,
      68.83827826258954,
      66.03437428328262
    ],
    [
      33.90759211756483,
      40.61637715944596,
      42.03680987820842,
      42.400018733338165,
      25.6794204635979,
      16.48084487749752,
      91.22632619579448,
      54.08860033600649,
      33.11797163881181,
      72.075155645903,
      71.4927649552642,
      50.424574730424915,
      10.056731499243424,
      45.007320061096365,
      4.3194350072519745,
      63.08637986330531,
      76.25454506009477,
      74.69749667679501,
      0.0,
      51.26514666918814,
      17.067837260650553,
      77.6963060661544,
      84.00414398948308,
      15.301658784479404,
      29.94227259484711,
      50.32749743414751,
      64.31871645442646,
      34.89586927090176,
      42.867654806851796,
      24.696116170258097,
      18.31396274018161,
      57.59677242089898,
      84.54362682610616,
      21.514066778504574,
      67.98971204719334,
      52.1686560337087,
      34.85832935807386,
      60.46874618873005,
      66.73233261427858,
      78.5366757675066,
      22.728435610783336,
      30.848073771205094
    ],
    [
      50.333258590754056,
      87.83018624786911,
      85.62224169940659,
      44.960068315015015,
      65.81402748812388,
      50.952173198427026,
      76.19652456854557,
      43.06541470789948,
      83.09265356823173,
      78.0918160425513,
      98.63754111064803,
      15.474666719185896,
      60.76880162094351,
      48.861349149637,
      50.74551047975,
      98.31330678575377,
      58.71348603159132,
      53.55813763468735,
      51.26514666918814,
      0.0,
      67.94092015532877,
      65.06142342821249,
      78.38438550928184,
      38.45705583908321,
      80.41938026807672,
      95.41765219809483,
      35.289300215690574,
      31.653542862939638,
      10.239455112421314,
      59.27412413348502,
      63.71027529197517,
      43.60866818022314,
      72.14393437203425,
      48.21765665817741,
      24.166374371091504,
      66.37673809754718,
      38.17946366845709,
      76.89315148635646,
      54.40348121737745,
      57.9891310720046,
      31.045350303386417,
      67.38911151177008
    ],
    [
      39.71989525001471,
      25.29449776118208,
      29.208981829159534,
      50.690001297287196,
      20.407396089789447,
      28.22468708163094,
      98.16453913460505,
      63.82402608636179,
      16.265292707057185,
      73.86569533017543,
      64.68579017069217,
      65.56542226131971,
      10.554332969333286,
      52.15652025073738,
      19.203630962147873,
      53.09419586213723,
      85.01460729012439,
      84.53485605779582,
      17.067837260650553,
      67.94092015532877,
      0.0,
      84.95916731114549,
      88.59929797831059,
      30.191278672266897,
      12.90827532524082,
      35.77187114965094,
      76.91018936176582,
      47.431046500539715,
      59.09100914347613,
      24.633784086715597,
      12.191002004072299,
      67.54667556765123,
      91.1757644882715,
      34.20952545662623,
      83.06261072290793,
      53.737185092784294,
      45.377518879735135,
      59.687655053951254,
      75.02642585071892,
      87.90824210989342,
      39.734751604374544,
      26.202246381617506
    ],
    [
      45.26555143340128,
      87.29933630144998,
      79.40656684709651,
      35.29699168407455,
      67.32212889972232,
      90.2541194561517,
      13.545108048227597,
      25.294811858025,
      91.17593585425345,
      26.975494447611975,
      62.77762696475742,
      49.65553595403128,
      86.09600181734203,
      33.001045796913004,
      80.903308153705,
      73.59377116170165,
      8.068015121464308,
      14.12723108537835,
      77.6963060661544,
      65.06142342821249,
      84.95916731114549,
      0.0,
      14.829175702381363,
      64.59371467713346,
      91.17156832186063,
      87.76960743894453,
      31.22488638830582,
      46.069150200999154,
      59.21945815804629,
      60.90033717351211,
      73.31535892807473,
      22.902818149005853,
      7.396595933375276,
      91.97177660593421,
      49.725818721395676,
      36.49519291140846,
      43.45947207842759,
      39.81867665562858,
      11.694913615727161,
      11.78854280505307,
      75.81962671926026,
      63.279983423070234
    ],
    [
      50.19071292329455,
      86.64419388570228,
      78.0261556693229,
      42.71611494311578,
      69.34520075283963,
      98.01455357448832,
      15.64653568965264,
      36.31208161237786,
      92.2745751712317,
      18.865217047499787,
      54.49917560405404,
      62.91047459062962,
      91.40650747976325,
      39.384929835745524,
      87.6350641017536,
      67.68851052214596,
      22.857310602379467,
      28.947053587431167,
      84.00414398948308,
      78.38438550928184,
      88.59929797831059,
      14.829175702381363,
      0.0,
      72.48021320131623,
      92.88832930682476,
      85.29318856866422,
      45.662072324422155,
      55.8181377405768,
      71.6782936654982,
      63.97036532483411,
      76.49812518887884,
      34.94916468475107,
      11.112241126577372,
      100.46627306332456,
      64.38526148518528,
      35.748321234183706,
      51.85945895176074,
      34.90165745444657,
      23.990281640262083,
      26.215612010718253,
      85.62008276674473,
      64.46018279707476
    ],
    [
      24.47952667248766,
      49.56741883177613,
      48.26562581989872,
      29.81768311275609,
      28.773967828928125,
      25.689193730874145,
      78.11835608794978,
      40.05476681431441,
      44.71954302565335,
      62.95400247931779,
      69.82577125771013,
      35.50066224552171,
      25.309163254016855,
      33.12560014348294,
      17.189521694584222,
      64.93098046475723,
      62.34794945450453,
      60.29498110956365,
      15.301658784479404,
      38.45705583908321,
      30.191278672266897,
      64.59371467713346,
      72.48021320131623,
      0.0,
      42.21227387424907,
      57.76001972505997,
      49.094189498399764,
      19.942339952349524,
      29.10136773399006,
      23.708063668552555,
      25.35925227540084,
      43.37362588956537,
      71.70534713122083,
      28.04790061224404,
      53.05999926149528,
      44.33878581728532,
      21.13434013107212,
      54.04837058878152,
      53.231479798182164,
      64.30661447014543,
      17.099709057921373,
      31.85128243247363
    ],
    [
      46.93041099296792,
      15.19190303041615,
      22.240406612282566,
      58.629468115655996,
      23.856105818507576,
      40.185607449597676,
      103.91469250527652,
      72.14620157088042,
      3.8591042090110976,
      76.55389046986066,
      60.98442512187045,
      77.08000757796384,
      22.788741283560743,
      59.34416391567793,
      32.06369218543625,
      47.071663236487936,
      92.2317267182781,
      92.47306933916434,
      29.94227259484711,
      80.41938026807672,
      12.90827532524082,
      91.17156832186063,
      92.88832930682476,
      42.21227387424907,
      0.0,
      25.837846134657273,
      86.73377348609768,
      57.83519432438291,
      71.30416063036725,
      30.548105152166457,
      19.098279577967638,
      75.90297744763396,
      96.83463664672932,
      46.18049877929128,
      94.40460189262996,
      57.18328895874688,
      54.809346148539035,
      61.081310068292446,
      82.14550626631568,
      95.48245305753603,
      52.638104546199294,
      28.42819110137845
    ],
    [
      50.605554202677766,
      10.723342613236403,
      9.970258264714042,
      61.97997407456637,
      29.64289385232739,
      63.91176357709902,
      98.8380599074237,
      74.95134756320155,
      22.12416619364527,
      66.8730201951732,
      41.04071427246829,
      88.27233860361241,
      46.2969802938656,
      60.94119930661472,
      53.684126160952815,
      24.6970406488394,
      91.03727606749469,
      92.96312502829919,
      50.32749743414751,
      95.41765219809483,
      35.77187114965094,
      87.76960743894453,
      85.29318856866422,
      57.76001972505997,
      25.837846134657273,
      0.0,
      92.33755516255644,
      67.1540462893713,
      85.41193403019159,
      36.63983441418925,
      32.87536063911026,
      78.48145575191053,
      91.90653168588715,
      69.85780129615722,
      104.24705148991163,
      51.27492092064929,
      62.070466686166384,
      50.49912106981665,
      81.36670618752397,
      94.9453258937618,
      72.14967893348874,
      29.245481428341282
    ],
    [
      41.84721638137492,
      88.20499195560942,
      82.58802211793062,
      30.383572618929733,
      65.06259595807869,
      72.32507930687976,
      41.156128934335676,
      18.47554385655901,
      88.05753248451397,
      50.86557785007025,
      80.58801996634642,
      20.85411322151251,
      74.1747318417318,
      31.982835024055955,
      66.1841375717346,
      86.10597895181255,
      24.01312210024778,
      18.440425162291888,
      64.31871645442646,
      35.289300215690574,
      76.91018936176582,
      31.22488638830582,
      45.662072324422155,
      49.094189498399764,
      86.73377348609768,
      92.33755516255644,
      0.0,
      29.625362208299375,
      31.916371463993404,
      57.51460698602854,
      67.64370569248612,
      15.911103062327724,
      37.78837510507658,
      72.21830144476556,
      18.975385783494865,
      47.46314340881479,
      31.93348641397151,
      56.15951181305647,
      22.63799352263296,
      22.78330165737098,
      54.102161895454245,
      63.47927116974429
    ],
    [
      18.796885234466657,
      61.27793240540132,
      57.18379112591202,
      14.784111345813432,
      37.994687742900496,
      44.85168657704012,
      59.41360796491179,
      20.86337953807949,
      59.51808352489981,
      50.113500960510535,
      67.01981383018875,
      21.23256864412453,
      44.62963543251061,
      18.88995211375343,
      37.12304602331865,
      67.0634417144041,
      42.9584664309594,
      40.504999000229546,
      34.89586927090176,
      31.653542862939638,
      47.431046500539715,
      46.069150200999154,
      55.8181377405768,
      19.942339952349524,
      57.83519432438291,
      67.1540462893713,
      29.625362208299375,
      0.0,
      21.66630508050976,
      30.60978695417828,
      38.934738310081805,
      23.8661009061007,
      53.3859687213879,
      46.04920250711273,
      37.3075814735013,
      35.41147573229973,
      6.546097364855386,
      46.00738818517506,
      34.42575710029659,
      44.62345856206341,
      29.891618543114454,
      38.01334019324063
    ],
    [
      40.203537621746236,
      78.05740119059374,
      75.57420101183263,
      35.534778352208676,
      55.77693385314653,
      45.063808833276234,
      71.25245986083436,
      35.54237030830811,
      73.81050723682921,
      69.65694523556311,
      88.67944627734207,
      11.268352579918634,
      52.69263699756798,
      39.54374825624401,
      42.92342274713208,
      88.08903478791872,
      53.66935750287643,
      49.14027068609472,
      42.867654806851796,
      10.239455112421314,
      59.09100914347613,
      59.21945815804629,
      71.6782936654982,
      29.10136773399006,
      71.30416063036725,
      85.41193403019159,
      31.916371463993404,
      21.66630508050976,
      0.0,
      49.127220188349746,
      54.06335479688593,
      36.75784268138379,
      66.51800374252194,
      43.36713981128303,
      26.769889442313772,
      56.80661738398738,
      28.21240244522271,
      67.37898175603078,
      47.975594898346436,
      53.645783782853606,
      25.109139989764344,
      57.20779907409721
    ],
    [
      16.44064883505284,
      30.87100742961146,
      26.68535037045705,
      28.27112324618594,
      7.558776377923933,
      41.15157638685673,
      73.89781082450054,
      41.8409661232665,
      31.132867401075913,
      49.537615226021394,
      47.31215771349926,
      51.64522779243303,
      28.918807453081815,
      28.798433808829607,
      29.010280143217848,
      41.23096927420709,
      61.69541033114384,
      61.96787507665001,
      24.696116170258097,
      59.27412413348502,
      24.633784086715597,
      60.90033717351211,
      63.97036532483411,
      23.708063668552555,
      30.548105152166457,
      36.63983441418925,
      57.51460698602854,
      30.60978695417828,
      49.127220188349746,
      0.0,
      12.553338453221834,
      45.587715543584196,
      66.85842972978173,
      45.86363548170549,
      67.86950627468416,
      29.320135558196796,
      25.990997674298175,
      36.362661226142414,
      51.6114191276213,
      64.93567824803046,
      40.422530189613106,
      8.258100094650892
    ],
    [
      28.33041304520014,
      24.21494594014482,
      23.980633819305535,
      39.792607691628206,
      8.714925269258275,
      33.949935991315726,
      86.39056466651434,
      53.22688080230769,
      20.5834579434978,
      61.6826145389311,
      54.634577681677285,
      58.78101873806774,
      18.498519901958602,
      40.83013168641446,
      22.26652619252603,
      44.991547836465024,
      73.799184994213,
      73.72132469835454,
      18.31396274018161,
      63.71027529197517,
      12.191002004072299,
      73.31535892807473,
      76.49812518887884,
      25.35925227540084,
      19.098279577967638,
      32.87536063911026,
      67.64370569248612,
      38.934738310081805,
      54.06335479688593,
      12.553338453221834,
      0.0,
      56.98152290961769,
      79.36466479235165,
      39.47262754838612,
      75.87083442436496,
      41.546210906303145,
      35.7143052947069,
      47.68432296211435,
      63.74185829975296,
      76.88622851187733,
      39.30351762482228,
      14.572300465487043
    ],
    [
      29.186075531684434,
      75.39662309989163,
      68.99004963144228,
      17.316646685054085,
      52.92329502330183,
      68.67658354896342,
      35.85854518613544,
      3.756853466086356,
      76.7087040510436,
      36.08075053746496,
      64.67788849111524,
      28.189942543632306,
      66.78582985656416,
      17.55560146204711,
      60.32201975177761,
      70.58660859228661,
      19.09248440405019,
      17.137686856296497,
      57.59677242089898,
      43.60866818022314,
      67.54667556765123,
      22.902818149005853,
      34.94916468475107,
      43.37362588956537,
      75.90297744763396,
      78.48145575191053,
      15.911103062327724,
      23.8661009061007,
      36.75784268138379,
      45.587715543584196,
      56.98152290961769,
      0.0,
      30.29845580655384,
      69.88995145347909,
      33.809840005974706,
      31.654944468960093,
      22.762753360495157,
      40.25506255915493,
      11.316753466446293,
      20.959992911506852,
      53.183539028127775,
      50.414892619442455
    ],
    [
      51.638354593132654,
      92.13797514232279,
      83.94342709901177,
      42.18348306322865,
      72.99308790168888,
      97.38810112204668,
      7.0885923828535224,
      32.66169668210975,
      96.63880908788875,
      27.816393689639558,
      64.0626113508462,
      56.79586016240452,
      92.74153984027093,
      39.621369883728924,
      87.84271409638744,
      76.15413477200059,
      13.810787709381296,
      19.758063670711074,
      84.54362682610616,
      72.14393437203425,
      91.1757644882715,
      7.396595933375276,
      11.112241126577372,
      71.70534713122083,
      96.83463664672932,
      91.90653168588715,
      37.78837510507658,
      53.3859687213879,
      66.51800374252194,
      66.85842972978173,
      79.36466479235165,
      30.29845580655384,
      0.0,
      99.21101087885714,
      55.84033311571288,
      40.878928056187405,
      50.58670265824798,
      42.5303725052232,
      19.078010805442485,
      16.221356126650818,
      83.17604735052458,
      68.65392387695476
    ],
    [
      52.04569119655947,
      59.490593119624066,
      62.446964952118265,
      57.75409899498417,
      47.17702485814032,
      6.003497532587107,
      105.40206324180294,
      66.89841265398921,
      49.921463908885556,
      90.74297849799704,
      92.95428829133569,
      53.83300650405493,
      23.66412389148643,
      61.15695381916837,
      17.293785522825665,
      84.44848988714514,
      88.97443022561987,
      86.16997893393426,
      21.514066778504574,
      48.21765665817741,
      34.20952545662623,
      91.97177660593421,
      100.46627306332456,
      28.04790061224404,
      46.18049877929128,
      69.85780129615722,
      72.21830144476556,
      46.04920250711273,
      43.36713981128303,
      45.86363548170549,
      39.47262754838612,
      69.88995145347909,
      99.21101087885714,
      0.0,
      70.1112003653052,
      71.54624191272673,
      48.761290563572004,
      80.62653770738692,
      80.40329835042489,
      90.43149749811526,
      18.396748799076267,
      52.34887628286806
    ],
    [
      54.18361593327529,
      98.5850756844417,
      94.28974896915952,
      44.35058188721021,
      75.29479210975235,
      71.78710956534425,
      58.244017130849514,
      35.42784822359286,
      96.38494258547723,
      69.60621478594712,
      97.58899302652354,
      17.572242366868885,
      78.02657914834971,
      47.07261843403799,
      68.70038632444725,
      101.3474302509011,
      42.07472715592241,
      36.085385070427535,
      67.98971204719334,
      24.166374371091504,
      83.06261072290793,
      49.725818721395676,
      64.38526148518528,
      53.05999926149528,
      94.40460189262996,
      104.24705148991163,
      18.975385783494865,
      37.3075814735013,
      26.769889442313772,
      67.86950627468416,
      75.87083442436496,
      33.809840005974706,
      55.84033311571288,
      70.1112003653052,
      0.0,
      64.08247433074922,
      42.196539701959175,
      73.54359509386454,
      41.61207091374656,
      39.94860162469852,
      51.8780191847644,
      75.00670456406866
    ],
    [
      19.906160100182824,
      51.30271009825703,
      43.07204993176121,
      21.44251196610235,
      33.87225269437508,
      67.85065990103948,
      47.91109682822441,
      29.056329234317346,
      56.52644393188009,
      20.22342572939414,
      33.519443272871,
      53.13356748867152,
      57.99435507061733,
      17.716516890831343,
