{
  "name": "RC-n101-k22",
  "n": 102,
  "m": 22,
  "prob_compat": 0.3,
  "layout": "RC",
  "coords": [
    [
      50.0,
      50.0
    ],
    [
      42.75029792223853,
      14.3414289867052
    ],
    [
      45.832788118998806,
      24.71726157252268
    ],
    [
      53.962862134633596,
      56.18552532198936
    ],
    [
      18.780643843984272,
      33.41797640509813
    ],
    [
      47.91521723820567,
      11.337957409761664
    ],
    [
      53.29867353644997,
      30.609811534594172
    ],
    [
      53.80338403649005,
      61.06931778132525
    ],
    [
      18.92246764220248,
      36.86618070654212
    ],
    [
      21.25292966033671,
      42.30098125048434
    ],
    [
      44.38489279630131,
      19.670313664042027
    ],
    [
      50.02033361483599,
      11.617549297308383
    ],
    [
      59.915304172052906,
      54.92801895306858
    ],
    [
      49.49288039066322,
      20.176532066614804
    ],
    [
      49.38702228496033,
      52.56741593163359
    ],
    [
      51.299392825156126,
      23.664992188086455
    ],
    [
      59.49242618698589,
      53.17908531352833
    ],
    [
      55.16552648725911,
      37.84867426685044
    ],
    [
      85.2632900365837,
      75.66662025318396
    ],
    [
      79.37048546877831,
      77.04561177435406
    ],
    [
      60.70091810267752,
      65.45167514914323
    ],
    [
      78.56271050505656,
      66.73885574846578
    ],
    [
      28.64388416902004,
      46.393881291379884
    ],
    [
      52.57853307136252,
      22.17741702786115
    ],
    [
      55.75823179750013,
      26.356306415013414
    ],
    [
      90.34510931138388,
      81.53349796444259
    ],
    [
      25.35264088251732,
      48.101318010984
    ],
    [
      55.9520541953734,
      27.344002146938372
    ],
    [
      44.24966615895147,
      12.912874128602088
    ],
    [
      76.48588452914228,
      78.47569317936805
    ],
    [
      43.32488879446706,
      9.274031131025438
    ],
    [
      24.388792867063504,
      46.68368913085492
    ],
    [
      85.63661732079846,
      73.24422889766085
    ],
    [
      19.53823531837879,
      37.991588597199545
    ],
    [
      24.563228080609,
      43.37753726399458
    ],
    [
      55.3068414651142,
      28.611927880644984
    ],
    [
      43.833875213604166,
      11.26541960480524
    ],
    [
      81.18054906713304,
      81.21163027872598
    ],
    [
      47.21303053563409,
      21.907318259202867
    ],
    [
      25.916681888624602,
      44.968797162298365
    ],
    [
      55.26683974419786,
      60.71814148348649
    ],
    [
      39.62688430868569,
      9.174854178532547
    ],
    [
      58.78967415825545,
      23.04104677024138
    ],
    [
      20.9654052538136,
      38.74383777731879
    ],
    [
      85.6444891600579,
      79.49122501390792
    ],
    [
      51.79521304705612,
      15.044268657985352
    ],
    [
      42.599218708317046,
      17.80034580240806
    ],
    [
      55.41137037241607,
      53.979973985959234
    ],
    [
      53.68636190676376,
      57.20965442882084
    ],
    [
      49.380873672113054,
      52.58528803163748
    ],
    [
      85.61628083800882,
      70.54475260476364
    ],
    [
      85.05691522294919,
      66.23620752244645
    ],
    [
      78.44158662015712,
      38.134580755657645
    ],
    [
      25.592199779004755,
      8.72054499706596
    ],
    [
      94.88739068219425,
      1.972930054220956
    ],
    [
      66.80400523963398,
      73.14348606161369
    ],
    [
      64.26162364626211,
      74.67416242468538
    ],
    [
      80.36710885301578,
      51.64338662558282
    ],
    [
      49.316542900736096,
      98.02145496233484
    ],
    [
      39.605813282294314,
      27.15981823282072
    ],
    [
      16.305986573073728,
      55.22479221242407
    ],
    [
      49.54598810711778,
      72.5052661126566
    ],
    [
      9.680124959487413,
      44.64678850416396
    ],
    [
      68.36434927953792,
      12.170907750673232
    ],
    [
      1.9901955429913465,
      62.67342711330228
    ],
    [
      67.9991771044835,
      5.376927155116884
    ],
    [
      91.53570112001245,
      18.896459169275836
    ],
    [
      29.663118775079166,
      29.6802788746653
    ],
    [
      11.807216455692338,
      78.57795130826267
    ],
    [
      46.92608449713389,
      47.545725864748725
    ],
    [
      73.77481461625737,
      82.09101302599511
    ],
    [
      76.25537563823201,
      9.560769528681234
    ],
    [
      41.94346723581566,
      38.1241824545168
    ],
    [
      71.03825194283007,
      59.86207369764141
    ],
    [
      1.3676004162420097,
      46.32955412163498
    ],
    [
      28.909795648569535,
      79.3606427538099
    ],
    [
      66.57877610921055,
      68.54822500620307
    ],
    [
      51.154710885505395,
      70.49214173428338
    ],
    [
      14.348649219853904,
      2.7225904918822152
    ],
    [
      40.46679369256502,
      30.430037868589555
    ],
    [
      84.96623975757399,
      27.100734978927033
    ],
    [
      92.71893455259048,
      73.40141459903154
    ],
    [
      70.21030660825383,
      50.014479310109635
    ],
    [
      60.69698645111574,
      3.2079555565847073
    ],
    [
      28.27733679110942,
      92.50069202085554
    ],
    [
      57.925895448125665,
      18.09740876450784
    ],
    [
      19.28167475900423,
      23.491364148826776
    ],
    [
      19.67370816187295,
      0.8829988404930544
    ],
    [
      99.43528699912795,
      18.263621265129515
    ],
    [
      2.276606694222627,
      70.76222222278925
    ],
    [
      73.23374033770463,
      49.40051918572138
    ],
    [
      13.616018597029845,
      90.38485459581092
    ],
    [
      90.64910339063411,
      43.56968131755698
    ],
    [
      68.98047091125704,
      57.657578159823395
    ],
    [
      22.20222863899818,
      75.31036020963194
    ],
    [
      29.648722028401497,
      66.70039749476508
    ],
    [
      44.73506276921739,
      62.40346071074061
    ],
    [
      10.460194860584949,
      28.187051864657718
    ],
    [
      77.93418638108037,
      84.51003684645664
    ],
    [
      92.59837499741172,
      93.3650658940079
    ],
    [
      2.386637677081649,
      42.49239954427655
    ],
    [
      17.353143621313084,
      10.013444923801984
    ]
  ],
  "c": [
    [
      0.0,
      36.388073141161065,
      25.62386616522565,
      7.346087380850048,
      35.34984731647422,
      38.71821091441698,
      19.6687736227766,
      11.704508801013,
      33.73885336941904,
      29.760190570944644,
      30.84508554286444,
      38.382456088692976,
      11.072426456117597,
      29.82777916425943,
      2.6395769064646006,
      26.367044926718933,
      10.01063126611239,
      13.203688157620133,
      43.61507789085532,
      39.92606332861777,
      18.795316255781966,
      33.10615838727916,
      21.658434281519355,
      27.941813757193017,
      24.334779221814966,
      51.20634081069471,
      24.720382374906144,
      23.424798566105007,
      37.53027104464369,
      38.8891653463605,
      41.26937908332177,
      25.825023689959842,
      42.5471817059119,
      32.74325964129676,
      26.284717582064655,
      22.0366103409437,
      39.22229994879458,
      44.11793858266471,
      28.230585650762272,
      24.603235828805104,
      11.942284444405775,
      42.12237007208251,
      28.35566135805364,
      31.14014900508009,
      46.26296532111224,
      35.001799147178495,
      33.039208437428165,
      6.71737465356628,
      8.097430523978263,
      2.6583889136864043,
      41.116983356307365,
      38.63420427109885,
      30.817398062067323,
      47.95554313077136,
      65.73794406454078,
      28.60062130754773,
      28.499266664028013,
      30.41154418460289,
      48.02631830888235,
      25.094083379958676,
      34.09670063916589,
      22.50984517051079,
      40.67369170116847,
      42.05103500353992,
      49.654376230060464,
      48.11641098999704,
      51.89069974224214,
      28.748561782598983,
      47.701027408639426,
      3.9334994660891955,
      39.93838913967354,
      48.2148951156912,
      14.350705994967022,
      23.235071388478747,
      48.77071316087464,
      36.15029823531123,
      24.877549480607357,
      20.524649329210554,
      59.21293998989823,
      21.768450572444447,
      41.79729968896895,
      48.70866015960895,
      20.210311794973617,
      47.999176475538675,
      47.730314467207336,
      32.872407064185616,
      40.57490949221827,
      57.72489739752041,
      58.745598438430164,
      52.04413646364401,
      23.241473002513665,
      54.35743356208485,
      41.15456967118278,
      20.46696800424721,
      37.5942871535005,
      26.326370649225964,
      13.47462064946419,
      45.15751207515805,
      44.398889759956056,
      60.78774952580297,
      48.20162171853017,
      51.621137320601804
    ],
    [
      36.388073141161065,
      0.0,
      10.824031026472303,
      43.320318492984605,
      30.63427782790652,
      5.974716148400538,
      19.388875646177862,
      48.01735419461841,
      32.78917406545183,
      35.268589495170076,
      5.573949435244953,
      7.763564872785539,
      44.06709344458601,
      8.916885459434729,
      38.79783741628625,
      12.649737326491893,
      42.29258100179838,
      26.584365348501617,
      74.61992751527288,
      72.6144109320638,
      54.170859580104455,
      63.46667807799655,
      35.01928908074002,
      12.569682363831449,
      17.70772778536107,
      82.34099953654521,
      37.9790544564156,
      18.5297943184071,
      2.0709597031023255,
      72.46581019519606,
      5.099870164837158,
      37.19094861821991,
      72.86134934864558,
      33.13804309139817,
      34.261714687312185,
      19.0082593739161,
      3.2612840207347564,
      77.12657145170556,
      8.784000390617003,
      34.94862386604773,
      48.036062298964175,
      6.037317935124132,
      18.246778883411814,
      32.7117578763204,
      78.00261254812392,
      9.072181282287035,
      3.4622146765951918,
      41.61150087711968,
      44.24118271508664,
      38.814395389126865,
      70.68455331295033,
      66.95459585945106,
      42.89501323019468,
      18.055322448458934,
      53.58410405430972,
      63.53158861504818,
      64.05291451997645,
      52.976037113910884,
      83.9372522804964,
      13.198442579174829,
      48.690358299951214,
      58.55948560483662,
      44.85589320556111,
      25.705851267181103,
      63.224741904385,
      26.79306240518529,
      48.99759040129932,
      20.163198504087006,
      71.30080708248165,
      33.46584116206146,
      74.51527879297144,
      33.844422548011615,
      23.796435410944603,
      53.59419219999855,
      52.30456770226417,
      66.47599312593904,
      59.21294712650648,
      56.77619835211026,
      30.686333390981183,
      16.249853147680597,
      44.101991275310624,
      77.36243628030562,
      45.0179808122508,
      21.11960841899612,
      79.48796765514058,
      15.63349431058118,
      25.18923553125276,
      26.71438445797847,
      56.82052075541023,
      69.43648602146943,
      46.458369182309774,
      81.43346247192784,
      56.11226514421909,
      50.639024025169206,
      64.33843117247122,
      53.9732607327923,
      48.102995592166494,
      35.13334639072532,
      78.49547462153342,
      93.43214638522237,
      49.21079365057738,
      25.76328574995356
    ],
    [
      25.62386616522565,
      10.824031026472303,
      0.0,
      32.50153422387471,
      28.41691307081049,
      13.540394784355254,
      9.511129802605927,
      37.215620240537035,
      29.525608957121058,
      30.22179080665139,
      5.250531787962676,
      13.752745143174378,
      33.331773428528145,
      5.8321951170138275,
      28.076033878252687,
      5.566959481692241,
      31.569940177524487,
      16.11005911842505,
      64.4251630300098,
      62.15330545007975,
      43.36304577220948,
      53.2640797957218,
      27.664675335842,
      7.208043095971852,
      10.059865814751078,
      72.17639126249371,
      31.084570551080557,
      10.45463112547484,
      11.910072966467261,
      61.88361082190843,
      15.645540115035145,
      30.69802716854101,
      62.763137086199464,
      29.455241722699554,
      28.29487715308914,
      10.243344788527983,
      13.59954797512761,
      66.64141279684043,
      3.1306310151070083,
      28.40380223004486,
      37.21645717193616,
      16.735580949092206,
      13.064860959752718,
      28.550509112670113,
      67.71379926470581,
      11.362979492519058,
      7.635423688608061,
      30.790511132116237,
      33.42804533274245,
      28.09298506421382,
      60.68677967427213,
      57.11702915820768,
      35.26128462990631,
      25.798766589598713,
      54.070866914147715,
      52.77206804540314,
      53.24766587977107,
      43.79081546321086,
      73.38692878101834,
      6.688893679504649,
      42.456347408567375,
      47.932048068902986,
      41.281970607567985,
      25.789188481884242,
      57.99002868032443,
      29.417636479379304,
      46.07209564797184,
      16.914187755640576,
      63.70803266327136,
      22.854629266559606,
      63.8161750704187,
      33.98901414340276,
      13.959668494216274,
      43.24896791698455,
      49.43929719028992,
      57.20390529568466,
      48.492776505523345,
      46.08321294957866,
      38.40594430770074,
      7.837710711261422,
      39.205968711763,
      67.59036531415356,
      35.13136252633613,
      26.14564279844298,
      70.01990655999101,
      13.78643159318479,
      26.57939888614313,
      35.38883360867832,
      53.989604179058915,
      63.382011182926455,
      36.87919994917638,
      73.14474015200193,
      48.62011769596584,
      40.26014996895325,
      55.83963620083958,
      44.99452963517123,
      37.70218304593211,
      35.54236624785384,
      67.86512908217254,
      83.06347665636991,
      46.94170340045815,
      32.05140207157491
    ],
    [
      7.346087380850048,
      43.320318492984605,
      32.50153422387471,
      0.0,
      41.90644064501225,
      45.25348999176932,
      25.58433665797715,
      4.886395609204562,
      40.01332681189615,
      35.53477517231011,
      37.75047256751532,
      44.742016249448966,
      6.083821864314641,
      36.28537352786986,
      5.833440313437555,
      32.62942144868347,
      6.294025749354847,
      18.376248479040154,
      36.86773449187504,
      32.873857855291405,
      11.457003571953532,
      26.76799064065501,
      27.146398251801195,
      34.03627178027242,
      29.883200177133517,
      44.3417142960521,
      29.73044177173219,
      28.910038812002888,
      44.34939139792753,
      31.688138488930807,
      48.10254425719014,
      31.06300796842099,
      35.97535455385719,
      38.93679834018284,
      32.06841188154318,
      27.606331815329472,
      46.04793452142433,
      36.9744291539592,
      34.93645239651728,
      30.20601292789285,
      4.716457025534095,
      49.14797515243444,
      33.49409758119574,
      37.32351303143223,
      39.33040972463913,
      41.198321597612804,
      40.03191724950169,
      2.6386801266519537,
      1.0607981916799818,
      5.827205746969262,
      34.758111625483245,
      32.67807139586994,
      30.414545075916386,
      55.29754822541829,
      67.92512438344866,
      21.271280842716994,
      21.163510828513036,
      26.792074736805844,
      42.09315017072521,
      32.38234895393896,
      37.669129073640924,
      16.9068836764648,
      45.761373002501934,
      46.310791311896786,
      52.37605313785803,
      52.71178033054423,
      52.93574108258663,
      35.95838729105623,
      47.733837098636506,
      11.14281715639952,
      32.612999774882894,
      51.680015587204856,
      21.69511373351457,
      17.466709623176595,
      53.51076268871826,
      34.12831974085186,
      17.663454613862598,
      14.57960858893341,
      66.5399974865177,
      29.07729350120527,
      42.510404059836134,
      42.40778222054644,
      17.379909689181627,
      53.403851252116205,
      44.48075476584521,
      38.29373651055935,
      47.66227997694031,
      65.07008156906127,
      59.20989976646446,
      53.70241236657066,
      20.430444316920582,
      52.891038052085406,
      38.794842665458084,
      15.089582927473272,
      37.074211381008084,
      26.490374589939222,
      11.12721895295769,
      51.73390161100831,
      37.10663470631589,
      53.61922315099564,
      53.36298926091043,
      58.92480375802063
    ],
    [
      35.34984731647422,
      30.63427782790652,
      28.41691307081049,
      41.90644064501225,
      0.0,
      36.55612952293627,
      34.632068430717155,
      44.62274095678581,
      3.451119658058505,
      9.220627540514384,
      29.061586248070668,
      38.094315049113455,
      46.41920088412857,
      33.44513898712807,
      36.10334382647517,
      33.94981202359955,
      45.25428871206328,
      36.653659687772226,
      78.77112511430032,
      74.66257078369573,
      52.75857512431791,
      68.44104393186997,
      16.29900663621076,
      35.618078153366454,
      37.64583899860467,
      86.23558507114318,
      16.087003008317808,
      37.66439845265216,
      32.697558273514254,
      73.2126535746543,
      34.42891304683778,
      14.402446652821535,
      77.81935220196736,
      4.635932843108705,
      11.516559076205143,
      36.84102624896918,
      33.44249055991359,
      78.60013691114088,
      30.67402588404676,
      13.577352434827711,
      45.569084965314126,
      31.97334384771716,
      41.33283410722084,
      5.756559890593647,
      81.20048058860867,
      37.782997711149555,
      28.482185558870064,
      42.007212125016046,
      42.24278751056492,
      36.10761554745997,
      76.45521488673663,
      73.9566118854149,
      59.84709223965262,
      25.61953185384867,
      82.346996631961,
      62.32462881724278,
      61.40514969168295,
      64.22661636746568,
      71.45663421194341,
      21.74516557406646,
      21.94677981534218,
      49.7425635076413,
      14.453569286622978,
      53.94424687698955,
      33.73129926771987,
      56.64595713159715,
      74.19011269750453,
      11.506460943961548,
      45.69520787559929,
      31.492207517965852,
      73.43992996203846,
      62.22950357157661,
      23.636090261732296,
      58.567464396455215,
      21.677705610756156,
      47.04602329112829,
      59.31943876015265,
      49.21965005630034,
      31.013695244352526,
      21.89102263378876,
      66.48639444031775,
      84.05680319116625,
      54.04122612156898,
      51.66841527689852,
      59.84107670709511,
      42.036537868638,
      9.939248606618229,
      32.54723227872444,
      82.0659852934933,
      40.828616654655995,
      56.7501664445918,
      57.200511927228305,
      72.58190263583674,
      55.74568082651581,
      42.03188151077509,
      35.011921926859614,
      38.907456382795644,
      9.828145442204882,
      78.16354799285578,
      95.09316994837772,
      18.737891917430254,
      23.448024452919455
    ],
    [
      38.71821091441698,
      5.974716148400538,
      13.540394784355254,
      45.25348999176932,
      36.55612952293627,
      0.0,
      20.009646751602837,
      50.07872515001499,
      38.62990698703308,
      40.860572979905044,
      9.049384035024286,
      2.1236022656653732,
      45.211674949831,
      8.978275056345115,
      41.25572033188137,
      12.783130713144585,
      43.41326699642724,
      27.484269909961967,
      74.38451051781982,
      72.84867700620246,
      55.603674286626195,
      63.312940069760614,
      40.00377579000885,
      11.800016922537901,
      16.942953822189658,
      82.022616729201,
      43.13484130609238,
      17.910449921891946,
      3.9895648115934548,
      72.96409112514786,
      5.032981909907259,
      42.45955009877719,
      72.49338227538091,
      38.931595887583946,
      39.64656447729463,
      18.788990514148708,
      4.081986581914032,
      77.38806407895011,
      10.592660427436009,
      40.18667615003225,
      49.9244322213639,
      8.565948770540198,
      15.975484777789752,
      38.43663154745659,
      77.89971659046931,
      5.365734856047819,
      8.367933084531023,
      43.29588767419188,
      46.233307238329694,
      41.27336225960503,
      70.19127291778737,
      66.28215140310999,
      40.61918574251779,
      22.475941720469077,
      47.89664722527217,
      64.62746849519795,
      65.41161875500251,
      51.7460422993967,
      86.69482372990575,
      17.871135218747753,
      54.08509713625092,
      61.18904368906364,
      50.708978597853076,
      20.466089209085986,
      68.87988144145606,
      20.949924238694724,
      44.270504435024726,
      25.876241130224646,
      76.32171709271508,
      36.22127662119899,
      75.33069530801346,
      28.395826716319473,
      27.443827179154738,
      53.7518799249937,
      58.23308743532956,
      70.62783991610674,
      60.177596729911855,
      59.24282101816545,
      34.654567313131,
      20.493573372196753,
      40.26466722109747,
      76.54571054913293,
      44.64240535999971,
      15.14828552492844,
      83.50470548421389,
      12.079067051711688,
      31.106029162742498,
      30.11459768274693,
      51.98348206890192,
      74.92747173736872,
      45.714179647989006,
      86.16755179398262,
      53.52633979413368,
      50.884694936096,
      68.94654525566763,
      58.29806702983721,
      51.16443110041308,
      41.070313917208836,
      79.09040218314017,
      93.40787500859014,
      55.16747974637265,
      30.59076130288073
    ],
    [
      19.6687736227766,
      19.388875646177862,
      9.511129802605927,
      25.58433665797715,
      34.632068430717155,
      20.009646751602837,
      0.0,
      30.463687457093904,
      34.940888467516054,
      34.111774358704906,
      14.111275659672307,
      19.27312993603996,
      25.202281900969663,
      11.105736442284107,
      22.303304830678464,
      7.226869247342136,
      23.403732411829225,
      7.4757122467624075,
      55.243576277285044,
      53.254323029605615,
      35.61949865948541,
      44.0860454084851,
      29.274485423990175,
      8.463089235417385,
      4.9134237189356895,
      62.97348841561686,
      32.968675131225055,
      4.207842663129135,
      19.876270476868243,
      53.186364598937686,
      23.551898172094724,
      33.07794947238626,
      53.51108438527334,
      34.558035552939174,
      31.444246625524432,
      2.83271557422078,
      21.53573556731759,
      57.77493438613732,
      10.619248558236603,
      30.918504731927023,
      30.172590384862332,
      25.423910351175163,
      9.35079076264551,
      33.340705162822694,
      58.61437001360737,
      15.637983197545518,
      16.69013918346121,
      23.465463577860433,
      26.602667991575913,
      22.321978475240524,
      51.373410048153104,
      47.726575470081166,
      26.244775292715246,
      35.30989489679844,
      50.49447865608345,
      44.62630898005632,
      45.40763475975501,
      34.279898943774114,
      67.52915691779917,
      14.120795860082298,
      44.43372775876773,
      42.06318773267207,
      45.82155063291807,
      23.811084778912587,
      60.50318469291018,
      29.202795401499415,
      39.990910242956794,
      23.65382590287737,
      63.42305136171351,
      18.095167456045985,
      55.403848787953336,
      31.14598434399933,
      13.616404828446601,
      34.210926378742684,
      54.258148350447875,
      54.51110812664151,
      40.195576138249315,
      39.93991534800352,
      47.90408637839262,
      12.833139089828705,
      31.86139307442171,
      58.18142548447067,
      25.73993909537197,
      28.38303621924341,
      66.75738445961179,
      13.340592404415773,
      34.7538271131207,
      44.88119527588002,
      47.7599781823064,
      64.92663081452939,
      27.39521093915169,
      71.74795381062377,
      39.53495712763178,
      31.265003571363458,
      54.45298832120856,
      43.14916686659813,
      32.92676050431531,
      42.90693440087293,
      59.263334210854936,
      74.04517867245264,
      52.28031458544844,
      41.42814790026409
    ],
    [
      11.704508801013,
      48.01735419461841,
      37.215620240537035,
      4.886395609204562,
      44.62274095678581,
      50.07872515001499,
      30.463687457093904,
      0.0,
      42.45550815578611,
      37.57369473752798,
      42.45686657237373,
      49.596258696494246,
      8.664359124681146,
      41.11934295669027,
      9.580531623149374,
      37.488045362107854,
      9.727331030966047,
      23.260561413742973,
      34.68150695961265,
      30.148277652307183,
      8.171966244025064,
      25.400155667592,
      29.126772388159377,
      38.91118353512362,
      34.76801098547947,
      41.881742521448494,
      31.266816340281544,
      33.79369317033425,
      49.09497520685291,
      28.591567517307585,
      52.8445889540625,
      32.74392287637111,
      34.08200701284878,
      41.31200795132245,
      34.175807498838225,
      32.492192037541365,
      50.79192238680057,
      33.98855568949653,
      39.7126549834805,
      32.200852797518785,
      1.505000797536766,
      53.79598960102894,
      38.35378058641491,
      39.7084362313703,
      36.78617459829141,
      46.068838682222655,
      44.69605415261346,
      7.269416448754293,
      3.8614369570810396,
      9.567515806969388,
      33.19403964565494,
      31.6777518334221,
      33.66070689974213,
      59.46650258109849,
      71.97415261367452,
      17.742651755821587,
      17.160028365517636,
      28.186515468941895,
      37.22354343183417,
      36.761735200482896,
      37.950142234976674,
      12.202718317502695,
      47.080372337477485,
      51.02035096248377,
      51.8380137409967,
      57.47314950906617,
      56.588671622537554,
      39.59828494234433,
      45.49978394954247,
      15.171841921142022,
      28.996029217157314,
      56.18916683827629,
      25.828992657176393,
      17.277097847340535,
      54.46808273303732,
      30.89115265049609,
      14.803536600760623,
      9.788006983507337,
      70.4344850541247,
      33.4160158542673,
      46.09759423545309,
      40.82279613025602,
      19.783744890705616,
      58.27056712229224,
      40.490867792118415,
      43.16920273631075,
      51.0279434295118,
      69.1897952226627,
      62.56675013318379,
      52.4305367108802,
      22.664942238111177,
      49.74359295111467,
      40.7902477448764,
      15.555832772601734,
      34.661799028631805,
      24.802353829104813,
      9.165936284012593,
      54.404737475267105,
      33.64168444183643,
      50.478378240746196,
      54.66976950174319,
      62.73214630130059
    ],
    [
      33.73885336941904,
      32.78917406545183,
      29.525608957121058,
      40.01332681189615,
      3.451119658058505,
      38.62990698703308,
      34.940888467516054,
      42.45550815578611,
      0.0,
      5.91338398638216,
      30.725119008254882,
      40.0570924567825,
      44.795565043949665,
      34.82950627464418,
      34.27269871450499,
      34.96479175688572,
      43.72679262239658,
      36.2563733437624,
      76.85427005037158,
      72.5833971380169,
      50.621827460161356,
      66.70333786925949,
      13.611870471107176,
      36.721798956206364,
      38.30575646725238,
      84.23991318859618,
      12.945093207471421,
      38.234306124470905,
      34.8601187709336,
      71.02744886257625,
      36.834832377658174,
      11.236733650194118,
      75.98776320917379,
      1.2828533631625914,
      8.614867528974044,
      37.308917810614865,
      35.72082300531013,
      76.43682097309114,
      32.00192985658249,
      10.703804293518548,
      43.47216829643068,
      34.57574922370004,
      42.19630888774836,
      2.774741458293542,
      79.17526480937124,
      39.45647267442027,
      30.398924350023535,
      40.302877600310524,
      40.27884391993694,
      34.275426080221955,
      74.71486414162037,
      72.36272266835648,
      59.53263275378065,
      28.925112554097907,
      83.59550510378882,
      60.07232746048176,
      59.0345877326158,
      63.19659601829285,
      68.29178120478795,
      22.84763137261219,
      18.54412547436547,
      46.98876902249524,
      12.081339162739805,
      55.26622988955513,
      30.86609475688428,
      58.310346430724366,
      74.8036935467082,
      12.922800466444407,
      42.31428371339509,
      29.970906588623123,
      71.09195050696492,
      63.503132354815676,
      23.055346249558813,
      56.963725894007595,
      19.943139163997913,
      43.652331271003675,
      57.22652940471145,
      46.579209520285126,
      34.44857860213153,
      22.485148867527162,
      66.7618436345651,
      82.34525999737265,
      52.94638969727956,
      53.64686889242906,
      56.41553355216663,
      43.28434105798487,
      13.379639296531781,
      35.99102304080223,
      82.63394761580862,
      37.762763632586925,
      55.73889111666855,
      53.78110129343686,
      72.039205966127,
      54.20411330651013,
      38.58382782801486,
      31.703832962658296,
      36.31036680073654,
      12.121771243697621,
      75.84405036914434,
      92.84537334751698,
      17.466768763725756,
      26.8985538068535
    ],
    [
      29.760190570944644,
      35.268589495170076,
      30.22179080665139,
      35.53477517231011,
      9.220627540514384,
      40.860572979905044,
      34.111774358704906,
      37.57369473752798,
      5.91338398638216,
      0.0,
      32.361007925150844,
      42.05991591416369,
      40.67211924680943,
      35.87458806649763,
      29.948737016328504,
      35.35661235255244,
      39.75666287074443,
      34.203614736192755,
      72.18443115766362,
      67.71144396176723,
      45.739462394484434,
      62.30265395991498,
      8.448552496977761,
      37.2323953847575,
      38.011163244313295,
      79.4538838361196,
      7.102924654005371,
      37.78545311891728,
      37.31636008232778,
      66.02491262150397,
      39.72342903390827,
      5.389041326243958,
      71.43349222678665,
      4.637999754908089,
      3.4809551105238743,
      36.702303624839054,
      38.381052470488314,
      71.451789169795,
      33.01254803340056,
      5.372878798762201,
      38.67994144567785,
      37.88063494988808,
      42.18948048607952,
      3.5687448736258465,
      74.35984915254333,
      40.93604103751081,
      32.49531033056089,
      36.099833007867446,
      35.69588300101321,
      29.949093480412678,
      70.28763472427532,
      68.14575284171484,
      57.34022478113692,
      33.859636207919614,
      83.95466373744759,
      55.010549801427985,
      53.830944796767405,
      59.847863118217006,
      62.38860135296946,
      23.792502070370492,
      13.838249010932435,
      41.385939403476364,
      11.808159057000186,
      55.92233174359306,
      28.037287245897897,
      59.57010509430903,
      74.0772543896086,
      15.166192976641726,
      37.486531641608806,
      26.20340102626027,
      65.89229870037258,
      64.0093003175303,
      21.107913050425005,
      52.791763398368566,
      20.289300592288015,
      37.84238506625642,
      52.37700030623179,
      41.09571814509588,
      40.17608870262803,
      22.585213477519055,
      65.50139975804112,
      77.93989228711487,
      49.56130355364243,
      55.534658313688205,
      50.68878827677549,
      43.9399515333854,
      18.91262915083453,
      41.44807845311478,
      81.79410537511845,
      34.2073540484773,
      52.463397884336814,
      48.68656166210823,
      69.40776994159809,
      50.13724426505932,
      33.02302632739016,
      25.80350446255946,
      30.911490675689123,
      17.767558278105437,
      70.67085140103187,
      87.73661328559757,
      18.86726302781176,
      32.52219754563022
    ],
    [
      30.84508554286444,
      5.573949435244953,
      5.250531787962676,
      37.75047256751532,
      29.061586248070668,
      9.049384035024286,
      14.111275659672307,
      42.45686657237373,
      30.725119008254882,
      32.361007925150844,
      0.0,
      9.828794797193702,
      38.52660716631982,
      5.133010260583792,
      33.27522557437725,
      7.985472256510259,
      36.756976788197186,
      21.134683744602174,
      69.32986162224404,
      67.2005694015434,
      48.60191088041515,
      58.16846978635483,
      31.01497089047551,
      8.568623473696247,
      13.193003414773763,
      77.06747091930937,
      34.213281355134114,
      13.881092095534827,
      6.75879244529492,
      66.99661431873591,
      10.450181768285681,
      33.60902358729086,
      67.6155985679634,
      30.871111139729795,
      30.90195532518078,
      14.115290557503231,
      8.42293681107933,
      71.70253810758706,
      3.605905244374712,
      31.322325607176378,
      42.46576195091281,
      11.52359816117315,
      14.793903060346508,
      30.20383616119792,
      72.66977175434522,
      8.735739156866396,
      2.5856163195730213,
      36.03797995368083,
      38.67453209370569,
      33.29197144254066,
      65.48462336594045,
      61.827145163802726,
      38.73999939910142,
      21.75000562534726,
      53.51354669004648,
      57.982728195620574,
      58.48510757248815,
      48.135197796997694,
      78.50619412185014,
      8.884384035314898,
      45.30503194502977,
      53.08643051717355,
      42.75798412047037,
      25.12479696007331,
      60.386903559710326,
      27.60317592743963,
      47.157158272720565,
      17.802528861086547,
      67.31578394831539,
      27.991003208525562,
      68.99355921691864,
      33.435468580574835,
      18.6146671230901,
      48.22633231329421,
      50.608324863477435,
      61.66371719720215,
      53.68071044313019,
      51.2707386855513,
      34.48769706582103,
      11.45090238997019,
      41.255992075187,
      72.2717842604203,
      39.8462091962909,
      23.175280664138743,
      74.59033028521192,
      13.632049832644132,
      25.392360714107525,
      31.042001293665834,
      55.06836374354851,
      66.20793667401138,
      41.42633371212599,
      77.11854458352681,
      52.07261234233071,
      45.25455476171809,
      59.89895966301178,
      49.28471886929602,
      42.734581728673746,
      34.97742071118773,
      73.00510120813375,
      88.06506896717251,
      47.798546389862736,
      28.70488769052584
    ],
    [
      38.382456088692976,
      7.763564872785539,
      13.752745143174378,
      44.742016249448966,
      38.094315049113455,
      2.1236022656653732,
      19.27312993603996,
      49.596258696494246,
      40.0570924567825,
      42.05991591416369,
      9.828794797193702,
      0.0,
      44.42642484074894,
      8.575219702665027,
      40.95476358873983,
      12.11515054260837,
      42.62724262397141,
      26.73097317461836,
      73.1050577433326,
      71.70957239692387,
      54.883403604670086,
      62.07274525446577,
      40.82089976802821,
      10.865320563432185,
      15.816271271362323,
      80.71138341648124,
      44.04044100924811,
      16.807933492169887,
      5.914259827313202,
      71.90574934281632,
      7.093733765676815,
      43.435124541441816,
      71.1784188050571,
      40.30816623895315,
      40.703329812495966,
      17.79764222263227,
      6.196471808256226,
      76.25152545806334,
      10.665847170650045,
      41.14962649515172,
      49.38009699867757,
      10.676635608786482,
      14.401306471309013,
      39.74952061050408,
      76.65452572152722,
      3.859093491450607,
      9.659188324037919,
      42.70407829263142,
      45.73925899880866,
      40.97272905265887,
      68.84393036683097,
      64.8903681380867,
      38.87056186570449,
      24.599316181896317,
      45.8919545261445,
      63.774074104877,
      64.64480490228809,
      50.229417886195826,
      86.40677193102428,
      18.708937901995284,
      55.12031232776436,
      60.88956448067871,
      52.1369645927028,
      18.352359964994694,
      70.09705288214447,
      19.031137063949995,
      42.148644913141474,
      27.215407324101175,
      77.09693742611991,
      36.06117370612845,
      74.36924402980988,
      26.315542422416247,
      27.70987859654693,
      52.624015672091744,
      59.76630929392948,
      70.95619440388187,
      59.289829267007,
      58.88551983647699,
      36.76396822604215,
      21.0992855635211,
      38.22231540590567,
      75.10270656682806,
      43.38155418934295,
      13.590886014916734,
      83.754645767947,
      10.221863167476897,
      32.95227803025677,
      32.18925674650377,
      49.85988257680924,
      76.01023480908482,
      44.344278833577235,
      86.77305189921104,
      51.68786776540702,
      49.7912749782565,
      69.50266992252696,
      58.729232279782195,
      51.06018885594267,
      42.89001041717047,
      78.05445482071028,
      92.17128662280892,
      56.764648915175584,
      32.7065506116745
    ],
    [
      11.072426456117597,
      44.06709344458601,
      33.331773428528145,
      6.083821864314641,
      46.41920088412857,
      45.211674949831,
      25.202281900969663,
      8.664359124681146,
      44.795565043949665,
      40.67211924680943,
      38.52660716631982,
      44.42642484074894,
      0.0,
      36.28074914191059,
      10.789678684691662,
      32.42854870088351,
      1.7993317275504919,
      17.72750413807914,
      32.75072474424956,
      29.456612016602197,
      10.552939352671926,
      22.07309739831846,
      32.41501526507025,
      33.56233210978234,
      28.87254765490099,
      40.42059566906847,
      35.230406461158935,
      27.867280698671046,
      44.84065799002532,
      28.793698873862745,
      48.574977987191104,
      36.470563194458364,
      31.576407281864917,
      43.78527563477867,
      37.19116711297016,
      26.716559992883397,
      46.529935946577446,
      33.80885778558568,
      35.379576450945876,
      35.4272834951959,
      7.4252097919376565,
      50.04969597747941,
      31.90683371812937,
      42.17845831784933,
      35.57164674476339,
      40.70195839856853,
      40.9671933303916,
      4.602630653351673,
      6.633670340657331,
      10.791784566432579,
      30.073619195766835,
      27.567657407824086,
      25.004853685578627,
      57.56045643122318,
      63.46091927444532,
      19.4745332262671,
      20.21881982148228,
      20.713887231396704,
      44.37767420191251,
      34.4027381387174,
      43.61032739863464,
      20.40789879835175,
      51.27647540599934,
      43.58390668127765,
      58.44064987025039,
      50.20617193091622,
      47.9387401127685,
      39.40359248037522,
      53.60697160006615,
      14.940484563934273,
      30.494495843657663,
      48.22017478042167,
      24.60398024573996,
      12.168190635171621,
      59.17573161808473,
      39.4752411593438,
      15.16284508880602,
      17.860288706541976,
      69.29449331908567,
      31.27931644211942,
      37.44204998510954,
      37.64763621842958,
      11.407451379879385,
      51.725970120643574,
      49.118904114978456,
      36.88430010089051,
      51.37465430110488,
      67.38137909255958,
      53.90832125443769,
      59.77408669421617,
      14.419916628627337,
      58.31647313198889,
      32.765503937072936,
      9.467192903535501,
      42.868588748183626,
      32.475450592522876,
      16.921050751082458,
      56.221767651264024,
      34.637781376807865,
      50.45383727840127,
      58.85738780110746,
      61.87775424962854
    ],
    [
      29.82777916425943,
      8.916885459434729,
      5.8321951170138275,
