{
  "name": "c-n61-k14",
  "n": 61,
  "m": 14,
  "prob_compat": 0.7,
  "layout": "C",
  "coords": [
    [
      40.0,
      50.0
    ],
    [
      45.0,
      68.0
    ],
    [
      45.0,
      70.0
    ],
    [
      42.0,
      66.0
    ],
    [
      42.0,
      68.0
    ],
    [
      42.0,
      65.0
    ],
    [
      40.0,
      69.0
    ],
    [
      40.0,
      66.0
    ],
    [
      38.0,
      68.0
    ],
    [
      38.0,
      70.0
    ],
    [
      35.0,
      66.0
    ],
    [
      35.0,
      69.0
    ],
    [
      25.0,
      85.0
    ],
    [
      22.0,
      75.0
    ],
    [
      22.0,
      85.0
    ],
    [
      20.0,
      80.0
    ],
    [
      20.0,
      85.0
    ],
    [
      18.0,
      75.0
    ],
    [
      15.0,
      75.0
    ],
    [
      15.0,
      80.0
    ],
    [
      30.0,
      50.0
    ],
    [
      30.0,
      52.0
    ],
    [
      28.0,
      52.0
    ],
    [
      28.0,
      55.0
    ],
    [
      25.0,
      50.0
    ],
    [
      25.0,
      52.0
    ],
    [
      25.0,
      55.0
    ],
    [
      23.0,
      52.0
    ],
    [
      23.0,
      55.0
    ],
    [
      20.0,
      50.0
    ],
    [
      20.0,
      55.0
    ],
    [
      10.0,
      35.0
    ],
    [
      10.0,
      40.0
    ],
    [
      8.0,
      40.0
    ],
    [
      8.0,
      45.0
    ],
    [
      5.0,
      35.0
    ],
    [
      5.0,
      45.0
    ],
    [
      2.0,
      40.0
    ],
    [
      0.0,
      40.0
    ],
    [
      0.0,
      45.0
    ],
    [
      35.0,
      30.0
    ],
    [
      35.0,
      32.0
    ],
    [
      33.0,
      32.0
    ],
    [
      33.0,
      35.0
    ],
    [
      32.0,
      30.0
    ],
    [
      30.0,
      30.0
    ],
    [
      30.0,
      32.0
    ],
    [
      30.0,
      35.0
    ],
    [
      28.0,
      30.0
    ],
    [
      28.0,
      35.0
    ],
    [
      26.0,
      32.0
    ],
    [
      25.0,
      30.0
    ],
    [
      25.0,
      35.0
    ],
    [
      44.0,
      5.0
    ],
    [
      42.0,
      10.0
    ],
    [
      42.0,
      15.0
    ],
    [
      40.0,
      5.0
    ],
    [
      40.0,
      15.0
    ],
    [
      38.0,
      5.0
    ],
    [
      38.0,
      15.0
    ],
    [
      35.0,
      5.0
    ]
  ],
  "c": [
    [
      0.0,
      18.681541692269406,
      20.615528128088304,
      16.1245154965971,
      18.110770276274835,
      15.132745950421556,
      19.0,
      16.0,
      18.110770276274835,
      20.09975124224178,
      16.76305461424021,
      19.6468827043885,
      38.07886552931954,
      30.805843601498726,
      39.35733730830886,
      36.05551275463989,
      40.311288741492746,
      33.301651610693426,
      35.35533905932738,
      39.05124837953327,
      10.0,
      10.198039027185569,
      12.165525060596439,
      13.0,
      15.0,
      15.132745950421556,
      15.811388300841896,
      17.11724276862369,
      17.72004514666935,
      20.0,
      20.615528128088304,
      33.54101966249684,
      31.622776601683793,
      33.52610922848042,
      32.38826948140329,
      38.07886552931954,
      35.35533905932738,
      39.293765408777,
      41.23105625617661,
      40.311288741492746,
      20.615528128088304,
      18.681541692269406,
      19.313207915827967,
      16.55294535724685,
      21.540659228538015,
      22.360679774997898,
      20.591260281974,
      18.027756377319946,
      23.323807579381203,
      19.209372712298546,
      22.80350850198276,
      25.0,
      21.213203435596427,
      45.17742799230607,
      40.049968789001575,
      35.05709628591621,
      45.0,
      35.0,
      45.044422518220834,
      35.05709628591621,
      45.27692569068709
    ],
    [
      18.681541692269406,
      0.0,
      2.0,
      3.605551275463989,
      3.0,
      4.242640687119285,
      5.0990195135927845,
      5.385164807134504,
      7.0,
      7.280109889280518,
      10.198039027185569,
      10.04987562112089,
      26.248809496813376,
      24.041630560342615,
      28.600699292150182,
      27.730849247724095,
      30.23243291566195,
      27.892651361962706,
      30.805843601498726,
      32.31098884280702,
      23.430749027719962,
      21.93171219946131,
      23.345235059857504,
      21.400934559032695,
      26.90724809414742,
      25.612496949731394,
      23.853720883753127,
      27.202941017470888,
      25.553864678361276,
      30.805843601498726,
      28.178005607210743,
      48.104053883222775,
      44.82186966202994,
      46.400431032480725,
      43.56604182158393,
      51.85556864985669,
      46.14108798023731,
      51.31276644267,
      53.0,
      50.53711507397311,
      39.293765408777,
      37.36308338453881,
      37.94733192202055,
      35.11409973215888,
      40.162171256046406,
      40.85339643163099,
      39.0,
      36.24913792078372,
      41.6293165929973,
      37.12142238654117,
      40.70626487409524,
      42.941821107167776,
      38.58756276314948,
      63.00793600809346,
      58.077534382926416,
      53.08483775994799,
      63.198101237299845,
      53.23532661682466,
      63.387695966961914,
      53.46026561849464,
      63.788713735268246
    ],
    [
      20.615528128088304,
      2.0,
      0.0,
      5.0,
      3.605551275463989,
      5.830951894845301,
      5.0990195135927845,
      6.4031242374328485,
      7.280109889280518,
      7.0,
      10.770329614269007,
      10.04987562112089,
      25.0,
      23.53720459187964,
      27.459060435491963,
      26.92582403567252,
      29.154759474226502,
      27.459060435491963,
      30.4138126514911,
      31.622776601683793,
      25.0,
      23.430749027719962,
      24.758836806279895,
      22.67156809750927,
      28.284271247461902,
      26.90724809414742,
      25.0,
      28.42534080710379,
      26.627053911388696,
      32.01562118716424,
      29.154759474226502,
      49.49747468305833,
      46.09772228646444,
      47.634021455258214,
      44.654227123532216,
      53.150729063673246,
      47.16990566028302,
      52.43090691567332,
      54.08326913195984,
      51.478150704935004,
      41.23105625617661,
      39.293765408777,
      39.84971769034255,
      37.0,
      42.05948168962618,
      42.720018726587654,
      40.85339643163099,
      38.07886552931954,
      43.46262762420146,
      38.91015291668744,
      42.485291572496,
      44.721359549995796,
      40.311288741492746,
      65.00769185258002,
      60.07495318350236,
      55.08175741568164,
      65.19202405202648,
      55.226805085936306,
      65.37583651472461,
      55.44366510251645,
      65.76473218982953
    ],
    [
      16.1245154965971,
      3.605551275463989,
      5.0,
      0.0,
      2.0,
      1.0,
      3.605551275463989,
      2.0,
      4.47213595499958,
      5.656854249492381,
      7.0,
      7.615773105863909,
      25.495097567963924,
      21.93171219946131,
      27.586228448267445,
      26.076809620810597,
      29.068883707497267,
      25.632011235952593,
      28.460498941515414,
      30.4138126514911,
      20.0,
      18.439088914585774,
      19.79898987322333,
      17.804493814764857,
      23.345235059857504,
      22.02271554554524,
      20.248456731316587,
      23.600847442411894,
      21.95449840010015,
      27.202941017470888,
      24.596747752497688,
      44.553338819890925,
      41.23105625617661,
      42.80186911806539,
      39.96248240537617,
      48.27007354458868,
      42.5440947723653,
      47.70744176750625,
      49.39635614091387,
      46.95742752749558,
      36.6742416417845,
      34.713109915419565,
      35.17101079013795,
      32.28002478313795,
      37.36308338453881,
      37.94733192202055,
      36.05551275463989,
      33.24154027718932,
      38.62641583165593,
      34.0147027033899,
      37.57658845611187,
      39.81205847478876,
      35.35533905932738,
      61.032778078668514,
      56.0,
      51.0,
      61.032778078668514,
      51.03920062069938,
      61.1310068623117,
      51.15662224971465,
      61.40032573203501
    ],
    [
      18.110770276274835,
      3.0,
      3.605551275463989,
      2.0,
      0.0,
      3.0,
      2.23606797749979,
      2.8284271247461903,
      4.0,
      4.47213595499958,
      7.280109889280518,
      7.0710678118654755,
      24.041630560342615,
      21.18962010041709,
      26.248809496813376,
      25.059928172283335,
      27.80287754891569,
      25.0,
      27.892651361962706,
      29.546573405388315,
      21.633307652783937,
      20.0,
      21.2602916254693,
      19.1049731745428,
      24.758836806279895,
      23.345235059857504,
      21.400934559032695,
      24.839484696748443,
      23.021728866442675,
      28.42534080710379,
      25.553864678361276,
      45.967379738244816,
      42.5205832509386,
      44.04543109109048,
      41.048751503547585,
      49.57822102496216,
      43.56604182158393,
      48.82622246293481,
      50.47771785649585,
      47.885279575251516,
      38.63935817272331,
      36.6742416417845,
      37.107950630558946,
      34.20526275297414,
      39.293765408777,
      39.84971769034255,
      37.94733192202055,
      35.11409973215888,
      40.496913462633174,
      35.84689665786984,
      39.395431207184416,
      41.6293165929973,
      37.12142238654117,
      63.0317380372777,
      58.0,
      53.0,
      63.0317380372777,
      53.03772242470448,
      63.12685640834652,
      53.150729063673246,
      63.387695966961914
    ],
    [
      15.132745950421556,
      4.242640687119285,
      5.830951894845301,
      1.0,
      3.0,
      0.0,
      4.47213595499958,
      2.23606797749979,
      5.0,
      6.4031242374328485,
      7.0710678118654755,
      8.06225774829855,
      26.248809496813376,
      22.360679774997898,
      28.284271247461902,
      26.627053911388696,
      29.732137494637012,
      26.0,
      28.792360097775937,
      30.886890422961002,
      19.209372712298546,
      17.69180601295413,
      19.1049731745428,
      17.204650534085253,
      22.67156809750927,
      21.400934559032695,
      19.72308292331602,
      23.021728866442675,
      21.470910553583888,
      26.627053911388696,
      24.166091947189145,
      43.86342439892262,
      40.607881008493905,
      42.20189569201838,
      39.44616584663204,
      47.634021455258214,
      42.05948168962618,
      47.16990566028302,
      48.877397639399746,
      46.51881339845203,
      35.6931365951495,
      33.734255586866,
      34.20526275297414,
      31.32091952673165,
      36.40054944640259,
      37.0,
      35.11409973215888,
      32.31098884280702,
      37.69615364994153,
      33.1058907144937,
      36.6742416417845,
      38.91015291668744,
      34.48187929913333,
      60.03332407921454,
      55.0,
      50.0,
      60.03332407921454,
      50.039984012787215,
      60.13318551349163,
      50.15974481593781,
      60.40695324215582
    ],
    [
      19.0,
      5.0990195135927845,
      5.0990195135927845,
      3.605551275463989,
      2.23606797749979,
      4.47213595499958,
      0.0,
      3.0,
      2.23606797749979,
      2.23606797749979,
      5.830951894845301,
      5.0,
      21.93171219946131,
      18.973665961010276,
      24.08318915758459,
      22.825424421026653,
      25.612496949731394,
      22.80350850198276,
      25.709920264364882,
      27.313000567495326,
      21.470910553583888,
      19.72308292331602,
      20.808652046684813,
      18.439088914585774,
      24.20743687382041,
      22.67156809750927,
      20.518284528683193,
      24.041630560342615,
      22.02271554554524,
      27.586228448267445,
      24.413111231467404,
      45.34313619501854,
      41.72529209005013,
      43.18564576337837,
      40.0,
      48.79549159502341,
      42.43819034784589,
      47.80167361086848,
      49.4064773081425,
      46.647615158762406,
      39.319206502675,
      37.33630940518894,
      37.656340767525464,
      34.713109915419565,
      39.81205847478876,
      40.26164427839479,
      38.3275357934736,
      35.4400902933387,
      40.80441152620633,
      36.05551275463989,
      39.56008088970496,
      41.78516483155236,
      37.16180835212409,
      64.1248781675256,
      59.033888572581766,
      54.037024344425184,
      64.0,
      54.0,
      64.03124237432849,
      54.037024344425184,
      64.19501538281614
    ],
    [
      16.0,
      5.385164807134504,
      6.4031242374328485,
      2.0,
      2.8284271247461903,
      2.23606797749979,
      3.0,
      0.0,
      2.8284271247461903,
      4.47213595499958,
      5.0,
      5.830951894845301,
      24.20743687382041,
      20.12461179749811,
      26.1725046566048,
      24.413111231467404,
      27.586228448267445,
      23.769728648009426,
      26.570660511172846,
      28.653097563788805,
      18.867962264113206,
      17.204650534085253,
      18.439088914585774,
      16.278820596099706,
      21.93171219946131,
      20.518284528683193,
      18.601075237738275,
      22.02271554554524,
      20.248456731316587,
      25.612496949731394,
      22.825424421026653,
      43.139309220245984,
      39.698866482558415,
      41.23105625617661,
      38.27531841800928,
      46.75467891024384,
      40.8166632639171,
      46.04345773288535,
      47.70744176750625,
      45.17742799230607,
      36.345563690772494,
      34.36568055487916,
      34.713109915419565,
      31.78049716414141,
      36.87817782917155,
      37.36308338453881,
      35.4400902933387,
      32.57299494980466,
      37.94733192202055,
      33.24154027718932,
      36.76955262170047,
      39.0,
      34.438350715445125,
      61.1310068623117,
      56.0357029044876,
      51.03920062069938,
      61.0,
      51.0,
      61.032778078668514,
      51.03920062069938,
      61.204574992397426
    ],
    [
      18.110770276274835,
      7.0,
      7.280109889280518,
      4.47213595499958,
      4.0,
      5.0,
      2.23606797749979,
      2.8284271247461903,
      0.0,
      2.0,
      3.605551275463989,
      3.1622776601683795,
      21.400934559032695,
      17.46424919657298,
      23.345235059857504,
      21.633307652783937,
      24.758836806279895,
      21.18962010041709,
      24.041630560342615,
      25.942243542145693,
      19.697715603592208,
      17.88854381999832,
      18.867962264113206,
      16.401219466856727,
      22.20360331117452,
      20.615528128088304,
      18.384776310850235,
      21.93171219946131,
      19.849433241279208,
      25.45584412271571,
      22.20360331117452,
      43.278170016764804,
      39.59797974644666,
      41.036569057366385,
      37.8021163428716,
      46.66904755831214,
      40.22437072223753,
      45.60701700396552,
      47.20169488482379,
      44.41846462902562,
      38.118237105091836,
      36.124783736376884,
      36.345563690772494,
      33.37663853655727,
      38.47076812334269,
      38.8329756778952,
      36.87817782917155,
      33.95585369269929,
      39.293765408777,
      34.48187929913333,
      37.94733192202055,
      40.162171256046406,
      35.4682957019364,
      63.28506932918696,
      58.137767414994535,
      53.150729063673246,
      63.0317380372777,
      53.03772242470448,
      63.0,
      53.0,
      63.071388124885914
    ],
    [
      20.09975124224178,
      7.280109889280518,
      7.0,
      5.656854249492381,
      4.47213595499958,
      6.4031242374328485,
      2.23606797749979,
      4.47213595499958,
      2.0,
      0.0,
      5.0,
      3.1622776601683795,
      19.849433241279208,
      16.76305461424021,
      21.93171219946131,
      20.591260281974,
      23.430749027719962,
      20.615528128088304,
      23.53720459187964,
      25.079872407968907,
      21.540659228538015,
      19.697715603592208,
      20.591260281974,
      18.027756377319946,
      23.853720883753127,
      22.20360331117452,
      19.849433241279208,
      23.430749027719962,
      21.213203435596427,
      26.90724809414742,
      23.430749027719962,
      44.82186966202994,
      41.036569057366385,
      42.42640687119285,
      39.05124837953327,
      48.104053883222775,
      41.400483088968905,
      46.861498055439924,
      48.41487374764082,
      45.48626166217664,
      40.11234224026316,
      38.118237105091836,
      38.3275357934736,
      35.35533905932738,
      40.44749683231337,
      40.792156108742276,
      38.8329756778952,
      35.90264614203248,
      41.23105625617661,
      36.40054944640259,
      39.84971769034255,
      42.05948168962618,
      37.33630940518894,
      65.27633568147036,
      60.13318551349163,
      55.14526271584895,
      65.03076195155643,
      55.036351623268054,
      65.0,
      55.0,
      65.06919393998976
    ],
    [
      16.76305461424021,
      10.198039027185569,
      10.770329614269007,
      7.0,
      7.280109889280518,
      7.0710678118654755,
      5.830951894845301,
      5.0,
      3.605551275463989,
      5.0,
      0.0,
      3.0,
      21.470910553583888,
      15.811388300841896,
      23.021728866442675,
      20.518284528683193,
      24.20743687382041,
      19.235384061671343,
      21.93171219946131,
      24.413111231467404,
      16.76305461424021,
      14.866068747318506,
      15.652475842498529,
      13.038404810405298,
      18.867962264113206,
      17.204650534085253,
      14.866068747318506,
      18.439088914585774,
      16.278820596099706,
      21.93171219946131,
      18.601075237738275,
      39.824615503479755,
      36.069377593742864,
      37.48332962798263,
      34.20526275297414,
      43.139309220245984,
      36.61966684720111,
      42.01190307520001,
      43.60045871318328,
      40.8166632639171,
      36.0,
      34.0,
      34.058772731852805,
      31.064449134018133,
      36.124783736376884,
      36.345563690772494,
      34.36568055487916,
      31.400636936215164,
      36.6742416417845,
      31.78049716414141,
      35.17101079013795,
      37.36308338453881,
      32.57299494980466,
      61.66036003787198,
      56.43580423808985,
      51.478150704935004,
      61.204574992397426,
      51.24451190127583,
      61.07372593840988,
      51.088159097779204,
      61.0
    ],
    [
      19.6468827043885,
      10.04987562112089,
      10.04987562112089,
      7.615773105863909,
      7.0710678118654755,
      8.06225774829855,
      5.0,
      5.830951894845301,
      3.1622776601683795,
      3.1622776601683795,
      3.0,
      0.0,
      18.867962264113206,
      14.317821063276353,
      20.615528128088304,
      18.601075237738275,
      21.93171219946131,
      18.027756377319946,
      20.8806130178211,
      22.825424421026653,
      19.6468827043885,
      17.72004514666935,
      18.384776310850235,
      15.652475842498529,
      21.470910553583888,
      19.72308292331602,
      17.204650534085253,
      20.808652046684813,
      18.439088914585774,
      24.20743687382041,
      20.518284528683193,
      42.20189569201838,
      38.28837943815329,
      39.6232255123179,
      36.124783736376884,
      45.34313619501854,
      38.41874542459709,
      43.93176527297759,
      45.45327270945405,
      42.43819034784589,
      39.0,
      37.0,
      37.05401462729781,
      34.058772731852805,
      39.11521443121589,
      39.319206502675,
      37.33630940518894,
      34.36568055487916,
      39.6232255123179,
      34.713109915419565,
      38.07886552931954,
      40.26164427839479,
      35.4400902933387,
      64.6297145282261,
      59.413803110051795,
      54.45181356024793,
      64.19501538281614,
      54.230987451824994,
      64.07027391856539,
      54.08326913195984,
      64.0
    ],
    [
      38.07886552931954,
      26.248809496813376,
      25.0,
      25.495097567963924,
      24.041630560342615,
      26.248809496813376,
      21.93171219946131,
      24.20743687382041,
      21.400934559032695,
      19.849433241279208,
      21.470910553583888,
      18.867962264113206,
      0.0,
      10.44030650891055,
      3.0,
      7.0710678118654755,
      5.0,
      12.206555615733702,
      14.142135623730951,
      11.180339887498949,
      35.35533905932738,
      33.37663853655727,
      33.13608305156178,
      30.14962686336267,
      35.0,
      33.0,
      30.0,
      33.06055050963308,
      30.066592756745816,
      35.35533905932738,
      30.4138126514911,
      52.20153254455275,
      47.43416490252569,
      48.104053883222775,
      43.46262762420146,
      53.85164807134504,
      44.721359549995796,
      50.53711507397311,
      51.478150704935004,
      47.16990566028302,
      55.90169943749474,
      53.9351462406472,
      53.600373133029585,
      50.635955604688654,
      55.44366510251645,
      55.226805085936306,
      53.23532661682466,
      50.24937810560445,
      55.08175741568164,
      50.08991914547278,
      53.009433122794285,
      55.0,
      50.0,
      82.22530024268686,
      76.90253571892151,
      72.03471385380801,
      81.39410298049853,
      71.58910531638176,
      81.04936767180853,
      71.19691004531025,
      80.62257748298549
    ],
    [
      30.805843601498726,
      24.041630560342615,
      23.53720459187964,
      21.93171219946131,
      21.18962010041709,
      22.360679774997898,
      18.973665961010276,
      20.12461179749811,
      17.46424919657298,
      16.76305461424021,
      15.811388300841896,
      14.317821063276353,
      10.44030650891055,
      0.0,
      10.0,
      5.385164807134504,
      10.198039027185569,
      4.0,
      7.0,
      8.602325267042627,
      26.248809496813376,
      24.351591323771842,
      23.769728648009426,
      20.8806130178211,
      25.179356624028344,
      23.194827009486403,
      20.223748416156685,
      23.021728866442675,
      20.024984394500787,
      25.079872407968907,
      20.09975124224178,
      41.7612260356422,
      37.0,
      37.69615364994153,
      33.1058907144937,
      43.46262762420146,
      34.48187929913333,
      40.311288741492746,
      41.340053217188775,
      37.20215047547655,
      46.84015371452148,
      44.9221548904324,
      44.384682042344295,
      41.48493702538308,
      46.09772228646444,
      45.70557952810576,
      43.73785545725808,
      40.792156108742276,
      45.39823785126467,
      40.44749683231337,
      43.18564576337837,
      45.09988913511872,
      40.11234224026316,
      73.37574531137656,
      68.00735254367721,
      63.245553203367585,
      72.27724399837061,
      62.6418390534633,
      71.80529228406496,
      62.0966987850401,
      71.19691004531025
    ],
    [
      39.35733730830886,
      28.600699292150182,
      27.459060435491963,
      27.586228448267445,
      26.248809496813376,
      28.284271247461902,
      24.08318915758459,
      26.1725046566048,
      23.345235059857504,
      21.93171219946131,
      23.021728866442675,
      20.615528128088304,
      3.0,
      10.0,
      0.0,
      5.385164807134504,
      2.0,
      10.770329614269007,
      12.206555615733702,
      8.602325267042627,
      35.90264614203248,
      33.95585369269929,
      33.54101966249684,
      30.59411708155671,
      35.12833614050059,
      33.13608305156178,
      30.14962686336267,
      33.015148038438355,
      30.01666203960727,
      35.05709628591621,
      30.066592756745816,
      51.419840528729765,
      46.57252408878007,
      47.12748667179272,
      42.37924020083418,
      52.81098370604357,
      43.46262762420146,
      49.24428900898052,
      50.08991914547278,
      45.65084884205331,
      56.515484603779164,
      54.57105459856901,
      54.12947441089743,
      51.19570294468082,
      55.90169943749474,
      55.57877292636101,
      53.600373133029585,
      50.635955604688654,
      55.326304774492215,
      50.35871324805669,
      53.150729063673246,
      55.08175741568164,
      50.08991914547278,
      82.96987405076617,
      77.62087348130012,
      72.80109889280519,
      82.0,
      72.27724399837061,
      81.58431221748455,
      71.80529228406496,
      81.04936767180853
    ],
    [
      36.05551275463989,
      27.730849247724095,
      26.92582403567252,
      26.076809620810597,
      25.059928172283335,
      26.627053911388696,
      22.825424421026653,
      24.413111231467404,
      21.633307652783937,
      20.591260281974,
      20.518284528683193,
      18.601075237738275,
      7.0710678118654755,
      5.385164807134504,
      5.385164807134504,
      0.0,
      5.0,
      5.385164807134504,
      7.0710678118654755,
      5.0,
      31.622776601683793,
      29.732137494637012,
      29.120439557122072,
      26.248809496813376,
      30.4138126514911,
      28.442925306655784,
      25.495097567963924,
      28.160255680657446,
      25.179356624028344,
      30.0,
      25.0,
      46.09772228646444,
      41.23105625617661,
      41.7612260356422,
      37.0,
      47.43416490252569,
      38.07886552931954,
      43.86342439892262,
      44.721359549995796,
      40.311288741492746,
      52.20153254455275,
      50.28916384272063,
      49.72926703662542,
      46.84015371452148,
      51.419840528729765,
      50.99019513592785,
      49.03060268852505,
      46.09772228646444,
      50.635955604688654,
      45.70557952810576,
      48.373546489791295,
      50.24937810560445,
      45.27692569068709,
      78.74642849044012,
      73.37574531137656,
      68.62215385719105,
      77.62087348130012,
      68.00735254367721,
      77.12976079309465,
      67.446274915669,
      76.48529270389177
    ],
    [
      40.311288741492746,
      30.23243291566195,
      29.154759474226502,
      29.068883707497267,
      27.80287754891569,
      29.732137494637012,
      25.612496949731394,
      27.586228448267445,
      24.758836806279895,
      23.430749027719962,
      24.20743687382041,
      21.93171219946131,
      5.0,
      10.198039027185569,
      2.0,
      5.0,
      0.0,
      10.198039027185569,
      11.180339887498949,
      7.0710678118654755,
      36.40054944640259,
      34.48187929913333,
      33.95585369269929,
      31.04834939252005,
      35.35533905932738,
      33.37663853655727,
      30.4138126514911,
      33.13608305156178,
      30.14962686336267,
      35.0,
      30.0,
      50.99019513592785,
      46.09772228646444,
      46.57252408878007,
      41.7612260356422,
      52.20153254455275,
      42.720018726587654,
      48.46648326421054,
      49.24428900898052,
      44.721359549995796,
      57.0087712549569,
      55.08175741568164,
      54.57105459856901,
      51.66236541235796,
      56.293871780150276,
      55.90169943749474,
      53.9351462406472,
      50.99019513592785,
      55.57877292636101,
      50.635955604688654,
      53.33854141237835,
      55.226805085936306,
      50.24937810560445,
      83.5224520712844,
      78.16009211867653,
      73.37574531137656,
      82.46211251235322,
      72.80109889280519,
      82.0,
      72.27724399837061,
      81.39410298049853
    ],
    [
      33.301651610693426,
      27.892651361962706,
      27.459060435491963,
      25.632011235952593,
      25.0,
      26.0,
      22.80350850198276,
      23.769728648009426,
      21.18962010041709,
      20.615528128088304,
      19.235384061671343,
      18.027756377319946,
      12.206555615733702,
      4.0,
      10.770329614269007,
      5.385164807134504,
      10.198039027185569,
      0.0,
      3.0,
      5.830951894845301,
      27.730849247724095,
      25.942243542145693,
      25.079872407968907,
      22.360679774997898,
      25.96150997149434,
      24.041630560342615,
      21.18962010041709,
      23.53720459187964,
      20.615528128088304,
      25.079872407968907,
      20.09975124224178,
      40.792156108742276,
      35.90264614203248,
      36.40054944640259,
      31.622776601683793,
      42.05948168962618,
      32.69556544854363,
      38.48376280978771,
      39.35733730830886,
      34.9857113690718,
      48.104053883222775,
      46.238512086787566,
      45.5411901469428,
      42.720018726587654,
      47.12748667179272,
      46.57252408878007,
      44.64302857109943,
      41.7612260356422,
      46.09772228646444,
      41.23105625617661,
      43.73785545725808,
      45.5411901469428,
      40.607881008493905,
      74.67261881037788,
      69.28924880528002,
      64.62197768561404,
      73.37574531137656,
      63.90618123468183,
      72.80109889280519,
      63.245553203367585,
      72.03471385380801
    ],
    [
      35.35533905932738,
      30.805843601498726,
      30.4138126514911,
      28.460498941515414,
      27.892651361962706,
      28.792360097775937,
      25.709920264364882,
      26.570660511172846,
      24.041630560342615,
      23.53720459187964,
      21.93171219946131,
      20.8806130178211,
      14.142135623730951,
      7.0,
      12.206555615733702,
      7.0710678118654755,
      11.180339887498949,
      3.0,
      0.0,
      5.0,
      29.154759474226502,
      27.459060435491963,
      26.419689627245813,
      23.853720883753127,
      26.92582403567252,
      25.079872407968907,
      22.360679774997898,
      24.351591323771842,
      21.540659228538015,
      25.495097567963924,
      20.615528128088304,
      40.311288741492746,
      35.35533905932738,
      35.6931365951495,
      30.805843601498726,
      41.23105625617661,
      31.622776601683793,
      37.33630940518894,
      38.07886552931954,
      33.54101966249684,
      49.24428900898052,
      47.4236228055175,
      46.61544808322666,
      43.86342439892262,
      48.104053883222775,
      47.43416490252569,
      45.5411901469428,
      42.720018726587654,
      46.84015371452148,
      42.05948168962618,
      44.384682042344295,
      46.09772228646444,
      41.23105625617661,
      75.76938695805846,
      70.3846574190711,
      65.79513659838392,
      74.33034373659252,
      65.0,
      73.68174807915459,
      64.25729530566937,
      72.80109889280519
    ],
    [
      39.05124837953327,
      32.31098884280702,
      31.622776601683793,
      30.4138126514911,
      29.546573405388315,
      30.886890422961002,
      27.313000567495326,
      28.653097563788805,
      25.942243542145693,
      25.079872407968907,
      24.413111231467404,
      22.825424421026653,
      11.180339887498949,
      8.602325267042627,
      8.602325267042627,
      5.0,
      7.0710678118654755,
      5.830951894845301,
      5.0,
      0.0,
      33.54101966249684,
      31.76476034853718,
      30.870698080866262,
      28.178005607210743,
      31.622776601683793,
      29.732137494637012,
      26.92582403567252,
      29.120439557122072,
      26.248809496813376,
      30.4138126514911,
      25.495097567963924,
      45.27692569068709,
      40.311288741492746,
      40.607881008493905,
      35.6931365951495,
      46.09772228646444,
      36.40054944640259,
      42.05948168962618,
      42.720018726587654,
      38.07886552931954,
      53.85164807134504,
      52.0,
      51.264022471905186,
      48.46648326421054,
      52.81098370604357,
      52.20153254455275,
      50.28916384272063,
      47.43416490252569,
      51.66236541235796,
      46.84015371452148,
      49.24428900898052,
      50.99019513592785,
      46.09772228646444,
      80.4114419718985,
      75.02666192761077,
      70.3846574190711,
      79.05694150420949,
      69.6419413859206,
      78.44743462982075,
      68.9492567037528,
      77.62087348130012
    ],
    [
      10.0,
      23.430749027719962,
      25.0,
      20.0,
      21.633307652783937,
      19.209372712298546,
      21.470910553583888,
      18.867962264113206,
      19.697715603592208,
      21.540659228538015,
      16.76305461424021,
      19.6468827043885,
      35.35533905932738,
      26.248809496813376,
      35.90264614203248,
      31.622776601683793,
      36.40054944640259,
      27.730849247724095,
      29.154759474226502,
      33.54101966249684,
      0.0,
      2.0,
      2.8284271247461903,
      5.385164807134504,
      5.0,
      5.385164807134504,
      7.0710678118654755,
      7.280109889280518,
      8.602325267042627,
      10.0,
      11.180339887498949,
      25.0,
      22.360679774997898,
      24.166091947189145,
      22.561028345356956,
      29.154759474226502,
      25.495097567963924,
      29.732137494637012,
      31.622776601683793,
      30.4138126514911,
      20.615528128088304,
      18.681541692269406,
      18.24828759089466,
      15.297058540778355,
      20.09975124224178,
      20.0,
      18.0,
      15.0,
      20.09975124224178,
      15.132745950421556,
      18.439088914585774,
      20.615528128088304,
      15.811388300841896,
      47.12748667179272,
      41.7612260356422,
      37.0,
      46.09772228646444,
      36.40054944640259,
      45.70557952810576,
      35.90264614203248,
      45.27692569068709
    ],
    [
      10.198039027185569,
      21.93171219946131,
      23.430749027719962,
      18.439088914585774,
      20.0,
      17.69180601295413,
      19.72308292331602,
      17.204650534085253,
      17.88854381999832,
      19.697715603592208,
      14.866068747318506,
      17.72004514666935,
      33.37663853655727,
      24.351591323771842,
      33.95585369269929,
      29.732137494637012,
      34.48187929913333,
      25.942243542145693,
      27.459060435491963,
      31.76476034853718,
      2.0,
      0.0,
      2.0,
      3.605551275463989,
      5.385164807134504,
      5.0,
      5.830951894845301,
      7.0,
      7.615773105863909,
      10.198039027185569,
      10.44030650891055,
      26.248809496813376,
      23.323807579381203,
      25.059928172283335,
      23.08679276123039,
      30.23243291566195,
      25.96150997149434,
      30.463092423455635,
      32.31098884280702,
      30.805843601498726,
      22.561028345356956,
      20.615528128088304,
      20.223748416156685,
      17.26267650163207,
      22.090722034374522,
      22.0,
      20.0,
      17.0,
      22.090722034374522,
      17.11724276862369,
      20.396078054371138,
      22.561028345356956,
      17.72004514666935,
      49.040799340956916,
      43.68065933568311,
      38.897300677553446,
      48.05205510693585,
      38.3275357934736,
      47.67598976424087,
      37.8549864614954,
      47.265209192385896
    ],
    [
      12.165525060596439,
      23.345235059857504,
      24.758836806279895,
      19.79898987322333,
      21.2602916254693,
      19.1049731745428,
      20.808652046684813,
      18.439088914585774,
      18.867962264113206,
      20.591260281974,
      15.652475842498529,
      18.384776310850235,
      33.13608305156178,
      23.769728648009426,
      33.54101966249684,
      29.120439557122072,
      33.95585369269929,
      25.079872407968907,
      26.419689627245813,
      30.870698080866262,
      2.8284271247461903,
      2.0,
      0.0,
      3.0,
      3.605551275463989,
      3.0,
      4.242640687119285,
      5.0,
      5.830951894845301,
      8.246211251235321,
      8.54400374531753,
      24.758836806279895,
      21.633307652783937,
      23.323807579381203,
      21.18962010041709,
      28.600699292150182,
      24.041630560342615,
      28.635642126552707,
      30.463092423455635,
      28.861739379323623,
      23.08679276123039,
      21.18962010041709,
      20.615528128088304,
      17.72004514666935,
      22.360679774997898,
      22.090722034374522,
      20.09975124224178,
      17.11724276862369,
      22.0,
      17.0,
      20.09975124224178,
      22.20360331117452,
      17.26267650163207,
      49.64876634922564,
      44.27188724235731,
      39.56008088970496,
      48.507731342539614,
      38.897300677553446,
      48.05205510693585,
      38.3275357934736,
      47.51841748206689
    ],
    [
      13.0,
      21.400934559032695,
      22.67156809750927,
      17.804493814764857,
      19.1049731745428,
      17.204650534085253,
      18.439088914585774,
      16.278820596099706,
      16.401219466856727,
      18.027756377319946,
      13.038404810405298,
      15.652475842498529,
      30.14962686336267,
      20.8806130178211,
      30.59411708155671,
      26.248809496813376,
      31.04834939252005,
      22.360679774997898,
      23.853720883753127,
      28.178005607210743,
      5.385164807134504,
      3.605551275463989,
      3.0,
      0.0,
      5.830951894845301,
      4.242640687119285,
      3.0,
      5.830951894845301,
      5.0,
      9.433981132056603,
      8.0,
      26.90724809414742,
      23.430749027719962,
      25.0,
      22.360679774997898,
      30.479501308256342,
      25.079872407968907,
      30.01666203960727,
      31.76476034853718,
      29.732137494637012,
      25.96150997149434,
      24.041630560342615,
      23.53720459187964,
      20.615528128088304,
      25.317977802344327,
      25.079872407968907,
      23.08679276123039,
      20.09975124224178,
      25.0,
      20.0,
      23.08679276123039,
      25.179356624028344,
      20.223748416156685,
      52.49761899362675,
      47.12748667179272,
      42.37924020083418,
      51.419840528729765,
      41.7612260356422,
      50.99019513592785,
      41.23105625617661,
      50.48762224545735
    ],
    [
      15.0,
      26.90724809414742,
      28.284271247461902,
      23.345235059857504,
      24.758836806279895,
      22.67156809750927,
      24.20743687382041,
      21.93171219946131,
      22.20360331117452,
      23.853720883753127,
      18.867962264113206,
      21.470910553583888,
      35.0,
      25.179356624028344,
      35.12833614050059,
      30.4138126514911,
      35.35533905932738,
      25.96150997149434,
      26.92582403567252,
      31.622776601683793,
      5.0,
      5.385164807134504,
      3.605551275463989,
      5.830951894845301,
      0.0,
      2.0,
      5.0,
      2.8284271247461903,
      5.385164807134504,
      5.0,
      7.0710678118654755,
      21.213203435596427,
      18.027756377319946,
      19.72308292331602,
      17.72004514666935,
      25.0,
      20.615528128088304,
      25.079872407968907,
      26.92582403567252,
      25.495097567963924,
      22.360679774997898,
      20.591260281974,
      19.697715603592208,
      17.0,
      21.18962010041709,
      20.615528128088304,
      18.681541692269406,
      15.811388300841896,
      20.223748416156685,
      15.297058540778355,
      18.027756377319946,
      20.0,
      15.0,
      48.84669896727925,
      43.46262762420146,
      38.91015291668744,
      47.43416490252569,
      38.07886552931954,
      46.84015371452148,
      37.33630940518894,
      46.09772228646444
    ],
    [
      15.132745950421556,
      25.612496949731394,
      26.90724809414742,
      22.02271554554524,
      23.345235059857504,
      21.400934559032695,
      22.67156809750927,
      20.518284528683193,
      20.615528128088304,
      22.20360331117452,
      17.204650534085253,
      19.72308292331602,
      33.0,
      23.194827009486403,
      33.13608305156178,
      28.442925306655784,
      33.37663853655727,
      24.041630560342615,
      25.079872407968907,
      29.732137494637012,
      5.385164807134504,
      5.0,
      3.0,
      4.242640687119285,
      2.0,
      0.0,
      3.0,
      2.0,
      3.605551275463989,
      5.385164807134504,
      5.830951894845301,
      22.67156809750927,
      19.209372712298546,
      20.808652046684813,
      18.384776310850235,
      26.248809496813376,
      21.18962010041709,
      25.942243542145693,
      27.730849247724095,
      25.96150997149434,
      24.166091947189145,
      22.360679774997898,
      21.540659228538015,
      18.788294228055936,
      23.08679276123039,
      22.561028345356956,
      20.615528128088304,
      17.72004514666935,
      22.20360331117452,
      17.26267650163207,
      20.024984394500787,
      22.0,
      17.0,
      50.695167422546305,
      45.31004303683677,
      40.718546143004666,
      49.33558553417604,
      39.92492955535426,
