{
  "name": "c-n101-k22",
  "n": 102,
  "m": 22,
  "prob_compat": 0.3,
  "layout": "C",
  "coords": [
    [
      50.0,
      50.0
    ],
    [
      72.74952521843993,
      41.14525888730296
    ],
    [
      76.12122849362338,
      55.8714725741293
    ],
    [
      87.83395461050381,
      60.46298645015123
    ],
    [
      80.78295022341496,
      52.98811290508259
    ],
    [
      23.426716684184527,
      65.07206685792612
    ],
    [
      19.93659950343983,
      60.29686783053805
    ],
    [
      88.9077964635207,
      59.54769786410427
    ],
    [
      18.66946966346879,
      32.41889009319158
    ],
    [
      19.05535304803464,
      72.98471884608168
    ],
    [
      20.117470450384864,
      21.821807059048954
    ],
    [
      28.686773933851413,
      75.66220442694365
    ],
    [
      31.597739429833133,
      25.673754366812126
    ],
    [
      28.981553966242146,
      64.59740861463999
    ],
    [
      38.61353416197138,
      80.47892989004372
    ],
    [
      37.35556771389647,
      80.6708955592007
    ],
    [
      53.6132765962675,
      33.130535669824035
    ],
    [
      18.181954285084664,
      62.92277320194264
    ],
    [
      26.553996812376507,
      30.34660987893883
    ],
    [
      61.37236674530444,
      32.11010649680162
    ],
    [
      18.77952982811506,
      32.816929082725146
    ],
    [
      70.89575549200123,
      42.62945657817565
    ],
    [
      14.646548574977599,
      61.21853998067549
    ],
    [
      24.54789695348847,
      33.62703113168048
    ],
    [
      86.07450562669932,
      52.69975060784677
    ],
    [
      27.094118069412172,
      62.25610869592478
    ],
    [
      30.148059987543444,
      22.133785723789988
    ],
    [
      32.31002381623498,
      36.84438733377594
    ],
    [
      25.345625520127623,
      80.18525360089728
    ],
    [
      69.06426555744707,
      51.20206157029044
    ],
    [
      78.25713281018008,
      60.24337027132636
    ],
    [
      18.197460647472717,
      74.13252929449463
    ],
    [
      61.46719898454962,
      36.653832014680745
    ],
    [
      52.678962814239725,
      36.70517763348005
    ],
    [
      68.3057069869774,
      29.103409443352675
    ],
    [
      21.460460962446575,
      28.373821604586617
    ],
    [
      88.57823759066977,
      63.38632725536017
    ],
    [
      30.416901251944793,
      73.31391533928696
    ],
    [
      85.92874070228112,
      55.59017212708015
    ],
    [
      83.04734097536222,
      50.07377379337995
    ],
    [
      40.05136930199674,
      78.77681348993944
    ],
    [
      17.840281610555202,
      68.96830977013957
    ],
    [
      81.798365756232,
      63.84947002586726
    ],
    [
      23.392390717038364,
      74.33143948982377
    ],
    [
      40.07450957801076,
      82.16564476735627
    ],
    [
      79.06766628939732,
      50.06489089499537
    ],
    [
      88.80902654492996,
      55.6225704761912
    ],
    [
      77.62824129150194,
      63.84246354175073
    ],
    [
      25.46246436739061,
      66.37986097671558
    ],
    [
      17.062150070854475,
      35.739579395699096
    ],
    [
      24.341098264144755,
      74.6581241838102
    ],
    [
      54.58888963935829,
      23.53747982850875
    ],
    [
      74.58619940053049,
      52.65061412788984
    ],
    [
      26.460444976184217,
      68.54187183794424
    ],
    [
      27.621913669564954,
      29.296419495085594
    ],
    [
      32.6246845737229,
      33.61030561009621
    ],
    [
      35.62254984635895,
      82.32015630803892
    ],
    [
      29.03378382347285,
      32.89832018966393
    ],
    [
      38.6284684188174,
      85.272879565969
    ],
    [
      29.630710703426647,
      26.312594674794994
    ],
    [
      32.26337424513445,
      82.17194798135266
    ],
    [
      23.62270747287061,
      65.30223973635864
    ],
    [
      27.281810606407397,
      60.86130867695595
    ],
    [
      59.41963216789736,
      28.00464403471802
    ],
    [
      26.35040416874055,
      71.30751151514968
    ],
    [
      22.663369218536943,
      63.59920992374461
    ],
    [
      29.900401482571937,
      25.00007521961207
    ],
    [
      22.383426549611563,
      26.204890746534787
    ],
    [
      27.436515113518524,
      85.92435413913846
    ],
    [
      23.31725096300861,
      62.3825421813182
    ],
    [
      28.140217005459114,
      67.51261296009118
    ],
    [
      18.822599318871944,
      71.97835238930526
    ],
    [
      18.259162001631825,
      60.275680390017826
    ],
    [
      82.42952346198607,
      45.67892141402734
    ],
    [
      79.57738993849276,
      43.18205174807154
    ],
    [
      19.631385936492745,
      29.080388153671798
    ],
    [
      28.64887131138589,
      82.91436240828105
    ],
    [
      22.413332888827405,
      29.946205129841946
    ],
    [
      78.6631594863267,
      50.352664499456836
    ],
    [
      19.434867000921606,
      65.1963423035992
    ],
    [
      26.83104458305072,
      21.919835177204657
    ],
    [
      85.92070767885075,
      53.734035860222946
    ],
    [
      18.138246707511975,
      75.50806001445375
    ],
    [
      54.66361362389612,
      23.063396627745064
    ],
    [
      80.06650935473907,
      54.14062347458021
    ],
    [
      30.855047200574266,
      79.98298093407334
    ],
    [
      27.175887196632125,
      80.68361886150473
    ],
    [
      83.53141437176454,
      43.851661081173596
    ],
    [
      83.7093832886528,
      54.92542045838954
    ],
    [
      28.97936564269514,
      25.63485749631367
    ],
    [
      25.73263706656377,
      67.0011406478792
    ],
    [
      34.33224382197102,
      83.29812488576604
    ],
    [
      77.93169592408037,
      62.285172898793114
    ],
    [
      72.02659938322651,
      43.56288630658688
    ],
    [
      78.51839355239719,
      56.03676798637265
    ],
    [
      22.586249904671327,
      26.720784649343727
    ],
    [
      18.021098074822415,
      62.30601341237701
    ],
    [
      60.79824800353252,
      22.451264111701747
    ],
    [
      33.69482271382661,
      74.82778355491502
    ],
    [
      28.408127743879035,
      23.12190348376739
    ],
    [
      78.63147927345398,
      47.691612110769555
    ],
    [
      72.05308536592227,
      55.89444799266496
    ]
  ],
  "c": [
    [
      0.0,
      24.412032644524327,
      26.772985791742286,
      39.254072488414636,
      30.927638823401377,
      30.55006686657808,
      31.77787809996356,
      40.06214123272713,
      35.92627947232471,
      38.546964542168574,
      41.072814971719254,
      33.35869214158435,
      30.50261334211399,
      25.590221021647253,
      32.5363914951058,
      33.17507350769934,
      17.25208957049011,
      34.342191257188134,
      30.593640004495636,
      21.19856162444721,
      35.63671819769119,
      22.157560964927924,
      37.09072885451879,
      30.263569833269862,
      36.1753867920625,
      25.978676397852777,
      34.2144036970663,
      22.045530204689758,
      38.97419294795294,
      19.102124836353465,
      30.05648331338263,
      39.92218029390038,
      17.59593283811962,
      13.562047910157167,
      27.78068403018967,
      35.80777681546678,
      40.83471774103214,
      30.44727253833291,
      36.36102904019818,
      33.047423320350475,
      30.44799250196987,
      37.33690215355803,
      34.68348143950523,
      36.0552883694154,
      33.66220526668973,
      29.06773872078836,
      39.21420457085436,
      30.901998539999816,
      29.50238126894345,
      35.89236066026421,
      35.58654698835616,
      26.85745486729506,
      24.728666689039564,
      29.965174152238806,
      30.486341097873254,
      23.885637281786444,
      35.37376961388906,
      27.056416486595655,
      37.060595831383864,
      31.241016588581882,
      36.737203623615954,
      30.49459135667749,
      25.18102768949794,
      23.927497867891503,
      31.83258440576512,
      30.532440011111255,
      32.07787554665756,
      36.453838666525165,
      42.42251843698948,
      29.415921658911003,
      28.009671994837287,
      38.145488422355854,
      33.362709786773166,
      32.716138404733165,
      30.35302973246043,
      36.876589863208416,
      39.232970178428054,
      34.10540852998288,
      28.665328953071125,
      34.13438405273354,
      36.40461717403352,
      36.11426676474102,
      40.81461072425346,
      27.337335152994804,
      30.350284142604934,
      35.573984361963795,
      38.24166042026614,
      34.09043592023624,
      34.067319947322346,
      32.17960904064012,
      29.630114530188454,
      36.80005033369163,
      30.51401498243928,
      22.947930475123048,
      29.150323129095895,
      35.964365163747345,
      34.26496949430613,
      29.58944083603146,
      29.703158798068145,
      34.476673561417755,
      28.72438441522064,
      22.827244496322525
    ],
    [
      24.412032644524327,
      0.0,
      15.107274821289055,
      24.509479967485813,
      14.310454520978611,
      54.819992533471705,
      56.178191922602146,
      24.489579210850074,
      54.77957576651727,
      62.424477054532055,
      56.06718273345292,
      55.972721750456515,
      43.96404128056187,
      49.655197455721044,
      52.0807407777496,
      53.05665068728232,
      20.74685035330404,
      58.75270144675132,
      47.44088600691661,
      14.528376152978028,
      54.60880404994699,
      2.374722085687594,
      61.4726972621527,
      48.78443108183163,
      17.636932323978908,
      50.29994216284629,
      46.651055204210074,
      40.66756409940081,
      61.410511265133806,
      10.71076182974327,
      19.876408121719532,
      63.750198100650316,
      12.14346740433071,
      20.555821481065752,
      12.835640167324906,
      52.85525255376018,
      27.29859442380463,
      53.168350640342894,
      19.553701421321996,
      13.629504312026759,
      49.852816391325774,
      61.556049207360154,
      24.441004858697944,
      59.47646012644475,
      52.443576392640956,
      10.930633181347257,
      21.621751402171217,
      23.21561908817939,
      53.59898568575555,
      55.94912976618908,
      58.876888000056276,
      25.295109567256624,
      11.651033055624639,
      53.78897053152471,
      46.6572215101662,
      40.826196953103825,
      55.44172145494074,
      44.486830001633685,
      55.780762130714045,
      45.59868520934715,
      57.639549257893236,
      54.74489880845546,
      49.558406868555736,
      18.717954146831296,
      55.341123206623685,
      54.88900563859339,
      45.78989365127635,
      52.53530713053684,
      63.70585731580469,
      53.801226192108636,
      51.81918312787745,
      62.11918376701929,
      57.75095419446512,
      10.689081433934406,
      7.125185035703982,
      54.47107330129975,
      60.741465935355436,
      51.56695708790896,
      10.94291498463949,
      58.488523612315895,
      49.7807571326052,
      18.21969684378294,
      64.52281644428005,
      25.57447831294469,
      14.913676864110773,
      57.12719091791249,
      60.334388138045504,
      11.116372904394973,
      17.607138945452256,
      46.43704793153593,
      53.657379670488304,
      57.03289946846348,
      21.765818561119996,
      2.5233993147523175,
      15.969874298259528,
      52.19597347733344,
      58.676897239754354,
      22.187799975161358,
      51.57307684934209,
      47.864400863263185,
      8.800688838476663,
      14.765622497338333
    ],
    [
      26.772985791742286,
      15.107274821289055,
      0.0,
      12.580538651534555,
      5.4813695795025685,
      53.49170505798189,
      56.35864315204917,
      13.30454632189522,
      62.054236097976684,
      59.576650949310164,
      65.54235757626097,
      51.3974760727905,
      53.79817156132711,
      47.94049305472899,
      44.85926982944762,
      46.0194288978182,
      31.996220243948805,
      58.366774250047776,
      55.75328754567509,
      27.966612964958845,
      61.802770014320586,
      14.235749215540935,
      61.706785696146085,
      56.16603690162952,
      10.446413064741964,
      49.4410875179292,
      57.02423814922894,
      47.76454362838288,
      56.29672996844216,
      8.461922063298475,
      4.865755514228242,
      60.73408494444579,
      24.167297935949865,
      30.280136755549268,
      27.885687730340965,
      61.187583020905016,
      14.548199769178117,
      48.919570094495356,
      9.811545528839005,
      9.032405286633294,
      42.7280866008912,
      59.73437799229027,
      9.791748099212764,
      55.86681225734964,
      44.61781523011021,
      6.511365945853374,
      12.690239227260344,
      8.112199737362994,
      51.73718787890291,
      62.39605650275097,
      55.082848195107815,
      38.84750575530862,
      3.567946671035548,
      51.25165789582264,
      55.302956381708235,
      48.862141659738874,
      48.37019581757724,
      52.39268246658454,
      47.64608893840885,
      55.09170089104486,
      51.13928417496337,
      53.338860867425765,
      49.09365747115593,
      32.488512626349205,
      52.10956008418269,
      54.01352277735256,
      55.58244348898342,
      61.38287574810422,
      57.21343380066807,
      53.2038914975524,
      49.37300490058331,
      59.51944625654878,
      58.02943895307954,
      11.986771231618869,
      13.151671104228164,
      62.520912633721906,
      54.63462809446042,
      59.63771912433848,
      6.076072393967645,
      57.44820949997351,
      59.851782862921695,
      10.029876769315726,
      61.21782210361648,
      39.202029069950655,
      4.308257150924915,
      51.28734740895498,
      54.8752133304744,
      14.120436362761343,
      7.646901843166534,
      56.00542941911717,
      51.60309736280365,
      49.985402838338764,
      6.6643337379919885,
      12.971787982280746,
      2.4028572351088058,
      60.957005659791015,
      58.455354506501436,
      36.76552821287652,
      46.46871671772559,
      57.87118677510979,
      8.556370502594897,
      4.068208005660308
    ],
    [
      39.254072488414636,
      24.509479967485813,
      12.580538651534555,
      0.0,
      10.275718825537863,
      64.57194374883596,
      67.89755832083014,
      1.4109888451148636,
      74.6337545515906,
      69.90915401493699,
      77.96578077427934,
      61.06885629437162,
      66.1271696566179,
      58.997444929648495,
      53.13461942010392,
      54.37303683116462,
      43.79632027251885,
      69.69542094138235,
      68.28051966351262,
      38.782746602022925,
      74.38291517539226,
      24.595474727532437,
      73.19130592731943,
      68.74077095597654,
      7.960118810033635,
      60.76629847560915,
      69.25886273086628,
      60.338587280999526,
      65.52678150247081,
      20.930025245538108,
      9.57933959420781,
      70.96546831407939,
      35.525788339892905,
      42.43002389776482,
      36.94286839555225,
      73.72350479687272,
      3.0166005068560877,
      58.83761033295996,
      5.2320320586949585,
      11.438855262644944,
      51.171981783081584,
      70.50854405532193,
      6.920737231423003,
      65.91698678450943,
      52.459221952341935,
      13.600301544558485,
      4.937650461330061,
      10.750695315294639,
      62.65151394268036,
      74.96596010309256,
      65.06031618657364,
      49.68628970048628,
      15.379732748166044,
      61.902956907913655,
      67.80003517726142,
      61.39324039576386,
      56.601825603437234,
      64.94051825044251,
      55.10635778001069,
      67.48234480008111,
      59.66044261407351,
      64.39334306695278,
      60.55345410535386,
      43.13835546506054,
      62.43260925838537,
      65.2460044601044,
      67.92580254197962,
      73.87414124501068,
      65.54488494448519,
      64.5452534563447,
      60.10856464090268,
      69.96549729617074,
      69.57504473679992,
      15.740916588032906,
      19.152064232365216,
      75.0763468049118,
      63.300382048900914,
      72.18816861925683,
      13.649985097293088,
      68.56267091835522,
      72.15905724070112,
      6.99566221763001,
      71.3010935305654,
      49.99000740200038,
      10.01526232288368,
      60.229777305595896,
      63.939620873921996,
      17.159486677054485,
      6.904833502855183,
      68.38758080963855,
      62.44454420529101,
      58.17109767464852,
      10.068519779315256,
      23.140567498309856,
      10.313636008528077,
      73.45610357040408,
      69.8371798260434,
      46.645690764245415,
      56.01243610473339,
      70.18393958652096,
      15.741459743163183,
      16.42885807815353
    ],
    [
      30.927638823401377,
      14.310454520978611,
      5.4813695795025685,
      10.275718825537863,
      0.0,
      58.615351819648616,
      61.28373597047252,
      10.442283335553766,
      65.430706815348,
      64.8857496081044,
      68.20292556907243,
      56.816599778013945,
      56.26063582262705,
      53.08634853768514,
      50.33889817490807,
      51.50023307814417,
      33.65285335094145,
      63.38440003411607,
      58.76578126205297,
      28.50722544452403,
      65.20199995024406,
      14.319859655592458,
      66.64655694670266,
      59.47463916416672,
      5.299406702688053,
      54.48290047381611,
      59.294870056430746,
      51.090551668557524,
      61.74934357777135,
      11.854009856200713,
      7.682350750612411,
      66.06080418757564,
      25.29638270836909,
      32.480272310346756,
      26.94736829888959,
      64.22632690994699,
      12.995744180784769,
      54.312771367246945,
      5.76627018506523,
      3.6906419408422706,
      48.20911492875011,
      64.93955823651912,
      10.908718861970277,
      61.23082483649777,
      50.084982832725345,
      3.389310533804383,
      8.447382305350892,
      11.303500174230544,
      56.91831929845325,
      66.01403093514952,
      60.45884584915888,
      39.41406599796849,
      6.205934755177976,
      56.50534482044141,
      58.20130706533206,
      51.910672948324766,
      53.85007458127532,
      55.51194461048348,
      53.09714205644245,
      57.689989432870064,
      56.62018617835044,
      58.47162620380855,
      54.077344165378356,
      32.87194967046645,
      57.432590359731975,
      59.08029346679005,
      58.07205885662729,
      64.24831012969328,
      62.69480142374097,
      58.22853160533639,
      54.60969201986783,
      64.80520256802099,
      62.947062945381916,
      7.492361689273479,
      9.879889220817336,
      65.65891498895485,
      60.11274900828742,
      62.753021773528,
      3.382174015002846,
      62.55100462918861,
      62.257899122949226,
      5.191623322804858,
      66.56956433990132,
      39.720377499189425,
      1.357043894320591,
      56.7584214030025,
      60.338696178652064,
      9.540901797281688,
      3.509582744631836,
      58.581669119863236,
      56.80582650739069,
      55.464988519446386,
      9.724452457908708,
      12.865013659901797,
      3.797698608489992,
      63.8500466850604,
      63.449770330440344,
      36.49503332026399,
      51.906290239742646,
      60.291894106594114,
      5.7167952484486095,
      9.200941477446653
    ],
    [
      30.55006686657808,
      54.819992533471705,
      53.49170505798189,
      64.57194374883596,
      58.615351819648616,
      0.0,
      5.91468035370444,
      65.71370071642357,
      32.99789920654205,
      9.039849640625429,
      43.376676720402266,
      11.824517580032161,
      40.236707617017764,
      5.575080060237409,
      21.63355850511062,
      20.912588263044228,
      43.9487180013965,
      5.6680680873347455,
      34.865989780869285,
      50.26294051693864,
      32.58819201140839,
      52.50695574404185,
      9.588588082696395,
      31.46501735294517,
      63.85780820524501,
      4.623792089888083,
      43.46116016117976,
      29.592482777226813,
      15.234520821101656,
      47.698667841339855,
      55.04262751064191,
      10.461218775169362,
      47.48341147443215,
      40.74769082936263,
      57.51406859895347,
      36.75088252324728,
      65.17332578928163,
      10.80697675953196,
      63.21716012322578,
      61.47818829243247,
      21.545281499915735,
      6.8109445499761225,
      58.38445134112353,
      9.259436257589103,
      23.860834310255996,
      57.62925128224551,
      66.06163352956806,
      54.215470062268984,
      2.419626848673,
      30.01503837907293,
      9.62956846015991,
      51.92497417421032,
      52.6458465572416,
      4.609018762061828,
      36.02078041875916,
      32.77872837851448,
      21.124273625350668,
      32.65867689570414,
      25.28173431287578,
      39.25284990552542,
      19.248180466860052,
      1.0,
      5.708960816800804,
      51.66704752327332,
      6.886851136814811,
      1.658917388502857,
      40.591539866454724,
      38.88117582042506,
      21.234320528382803,
      2.6917514242952456,
      5.307857435486441,
      8.300281715370252,
      7.050457045235162,
      62.1081741630423,
      60.26666465320399,
      36.19123473210949,
      18.59081519074987,
      35.14047678756196,
      57.16402207004713,
      3.9937837047295788,
      43.28630900723298,
      63.5141705239571,
      11.699481520873414,
      52.349518669518474,
      57.68502897812136,
      16.658795059876702,
      16.055430093642645,
      63.74072721145734,
      61.130633287270165,
      39.826189783710184,
      3.0064255349095155,
      21.23957893620271,
      54.57618106721035,
      53.1469043910438,
      55.827676701165466,
      38.360490500641326,
      6.072212464457748,
      56.68477908473822,
      14.163615700373972,
      42.244889196969794,
      57.87612650960291,
      49.48487060919007
    ],
    [
      31.77787809996356,
      56.178191922602146,
      56.35864315204917,
      67.89755832083014,
      61.28373597047252,
      5.91468035370444,
      0.0,
      68.97526560836772,
      27.906760126451985,
      12.718418089833174,
      38.47548590556366,
      17.68216958643565,
      36.534123368502534,
      10.01528093814106,
      27.498063881167983,
      26.805250593964118,
      43.26809659646271,
      3.158189174490365,
      30.672591975763225,
      50.11403317841221,
      27.504287735135136,
      53.93489593414114,
      5.369740997298015,
      27.06555474614468,
      66.57280838649062,
      7.42082857845673,
      39.50562948624922,
      26.516418888595744,
      20.61080908164047,
      49.96241660313775,
      58.320557843452086,
      13.944537715734711,
      47.78895098085192,
      40.35629073057108,
      57.55521179621421,
      31.95939664778542,
      68.7111289300058,
      16.711680064695546,
      66.15977391476451,
      63.93338205373154,
      27.31505730587739,
      8.921236126227601,
      61.96369183863526,
      14.453777865029291,
      29.728417833511052,
      60.00980262636133,
      69.03086456319548,
      57.80049118432683,
      8.21814992021249,
      24.724944384413998,
      15.02149437897079,
      50.517658476493224,
      55.181917007271075,
      10.51383140602852,
      31.93887679351139,
      29.54928266297261,
      27.038385187058548,
      28.86934663933189,
      31.195947264958043,
      35.339872861710575,
      25.109131947103307,
      6.2161997939158296,
      7.3668663362560745,
      51.00683862054132,
      12.742494443165805,
      4.282608595206278,
      36.676162810442364,
      34.179670333256304,
      26.702374213837306,
      3.9722590283850754,
      10.925489366344502,
      11.734482430338971,
      1.677571304030823,
      64.17982472961904,
      62.04789128773479,
      31.217971726837927,
      24.237465647830547,
      30.451550611318943,
      59.562538791706125,
      4.925097523527936,
      38.99140941580322,
      66.30967723624448,
      15.317128987987259,
      50.9146038728731,
      60.444233829999334,
      22.511231624241358,
      21.633929460535512,
      65.68672090434897,
      63.99859684858164,
      35.822152083021756,
      8.862354396123138,
      27.13470842788503,
      58.02916995687464,
      54.71192032016529,
      58.73648818815025,
      33.680469252063965,
      2.7759343817998268,
      55.69527842634709,
      20.010902470797546,
      38.12800499517682,
      60.03316902327556,
      52.30209746351699
    ],
    [
      40.06214123272713,
      24.489579210850074,
      13.30454632189522,
      1.4109888451148636,
      10.442283335553766,
      65.71370071642357,
      68.97526560836772,
      0.0,
      75.29538340922386,
      71.13309626315855,
      78.45605005369865,
      62.33978566118694,
      66.57241685009086,
      60.138624182023904,
      54.47595152524422,
      55.7119535640217,
      44.08593416339093,
      70.80632659152096,
      68.85274047162105,
      38.87185755538199,
      75.05003518273726,
      24.711546049743543,
      74.2800420795664,
      69.38355445489101,
      7.410932369850684,
      61.87298542857134,
      69.65994151856178,
      60.981539646604205,
      66.82857384252907,
      21.52708442796938,
      10.673359187938962,
      72.1988150807974,
      35.736752559995075,
      42.828835123941325,
      36.760043365662746,
      74.3031199024521,
      3.8527502714409625,
      60.08904697385022,
      4.953461737793382,
      11.140025844967171,
      52.504374700981195,
      71.68918744176563,
      8.309587758334253,
      67.16269356258906,
      53.81692512733186,
      13.665715856005262,
      3.9263698893715704,
      12.069522654376403,
      63.81213534732685,
      75.68767013579985,
      66.31126224053165,
      49.74457928836739,
      15.895845573576871,
      63.09173379496434,
      68.3454407608462,
      61.97206629553169,
      57.94741038763059,
      65.53691112690291,
      56.47827725967608,
      67.95840625127683,
      60.99546919093764,
      65.53821478097056,
      61.639984638453384,
      43.180042593879335,
      63.65312677182742,
      66.36820692911145,
      68.3769763357808,
      74.41259691021449,
      66.89130307493214,
      65.65177835639784,
      61.28734441691945,
      71.17904207510229,
      70.65238502618031,
      15.307219907763164,
      18.83854714986008,
      75.68010317448518,
      64.63079043622066,
      72.78572702242383,
      13.76594440536028,
      69.70218871828277,
      72.59048955898841,
      6.536158298486538,
      72.54696639170037,
      50.03766876123468,
      10.363629248181123,
      61.544475715829215,
      65.24994849150241,
      16.591294557317372,
      6.956216496919933,
      68.85853296765566,
      63.613320728931626,
      59.51952393829979,
      11.312318622521506,
      23.248419632161546,
      10.966600268816688,
      74.00103897356473,
      70.94034333941528,
      46.54344327368585,
      57.288336413295575,
      70.61903717429861,
      15.689788538450326,
      17.246087115826562
    ],
    [
      35.92627947232471,
      54.77957576651727,
      62.054236097976684,
      74.6337545515906,
      65.430706815348,
      32.99789920654205,
      27.906760126451985,
      75.29538340922386,
      0.0,
      40.56766407368421,
      10.695553988056114,
      44.38840636262033,
      14.582078559628282,
      33.79047405560779,
      52.033961352134654,
      51.743852696160644,
      34.95105266488338,
      30.507778613929094,
      8.152307259190266,
      42.70401347053046,
      1.0,
      53.21504110106323,
      29.079266285893098,
      6.001292541855393,
      70.39000054282782,
      31.003779039192185,
      15.412378392624028,
      14.340493137300642,
      48.23065974846995,
      53.78143716872793,
      65.76390572699701,
      41.71630961539705,
      43.00674793702598,
      34.27853388420175,
      49.746843795110514,
      4.914489954051645,
      76.46056498282043,
      42.54885707988762,
      71.138722590207,
      66.7548143066692,
      51.051373084480545,
      36.55882426376384,
      70.52048551162427,
      42.17781146768267,
      54.15639698460988,
      62.92315551497386,
      73.87806320447315,
      66.8100121251565,
      34.63368765232883,
      3.689234841615495,
      42.618309064838364,
      37.001137545945035,
      59.464302921196236,
      36.9536074890541,
      9.481354139484692,
      14.005980655609227,
      52.70240314760388,
      10.375396918897327,
      56.496954205554076,
      12.547336325801885,
      51.57674874396542,
      33.254311728725696,
      29.717731935857447,
      40.98855099173531,
      39.639899482398455,
      31.43506924426209,
      13.460038768658434,
      7.239286127262713,
      54.21896133914179,
      30.321977466297394,
      36.3492013650172,
      39.559758667729554,
      27.859811880533492,
      65.12428802696704,
      61.851599826017065,
      3.4743169280429256,
      51.47213985812537,
      4.486722944217527,
      62.61679553455367,
      32.78638751814135,
      13.298175036329532,
      70.54831290450078,
      43.09244437639086,
      37.19010160548072,
      65.12626339614113,
      49.100214230005776,
      49.00860314605328,
      65.86182599811258,
      68.8239367767565,
      12.341679520145128,
      35.296180915098105,
      53.23550532697295,
      66.36268763385108,
      54.50845754133226,
      64.34048373178395,
      6.914446695657081,
      29.89415538216729,
      43.29188760187172,
      44.9919490457538,
      13.463856105252775,
      61.87647884531057,
      58.31734085294669
    ],
    [
      38.546964542168574,
      62.424477054532055,
      59.576650949310164,
      69.90915401493699,
      64.8857496081044,
      9.039849640625429,
      12.718418089833174,
      71.13309626315855,
      40.56766407368421,
      0.0,
      51.17393512232636,
      9.996659307762334,
      48.9452634696048,
      12.9952467305192,
      20.944823886989223,
      19.848807754671753,
      52.75041228855188,
      10.099780965185882,
      43.29247041459347,
      58.83420419244946,
      40.168736760344565,
      60.0738651403901,
      12.565051610494047,
      39.739094362826954,
      70.0217591094978,
      13.406148545461239,
      52.046763075657346,
      38.49428345862206,
      9.561131132270816,
      54.54700256080666,
      60.557350425105234,
      1.4329857628140785,
      55.84530431198978,
      49.46465651661701,
      65.96337376157445,
      44.675683506480325,
      70.18233820739665,
      11.366316374310223,
      69.0986268453625,
      67.96974269554914,
      21.780290606418607,
      4.196181652823014,
      63.40456146609836,
      4.541316134628635,
      22.936746543561263,
      64.24014518886793,
      71.8819807902479,
      59.28207207268718,
      9.201914090728444,
      37.29843523241538,
      5.544311311061932,
      60.89057126639496,
      59.13671204349201,
      8.635639872184445,
      44.52025899592902,
      41.6469827926608,
      19.016371955778578,
      41.309665188445464,
      23.110727794592584,
      47.85525430085458,
      16.089033629370345,
      8.937628976042781,
      14.65099580535635,
      60.43576886995033,
      7.485372087254218,
      10.055125977225487,
      49.19492961176741,
      46.89806382202847,
      15.41681027596911,
      11.426719733524346,
      10.605597387813766,
      1.0329316258900518,
      12.733953771711356,
      69.0064638208403,
      67.46195902525207,
      43.908109358489455,
      13.807005973113123,
      43.169314234929956,
      63.75970884762158,
      7.797617585386402,
      51.653496715746776,
      69.58135127551658,
      2.6848342019253626,
      61.31954527934335,
      63.855000777162026,
      13.71890864266175,
      11.190001622252739,
      70.75236772401932,
      67.1288453990568,
      48.37866674290678,
      8.966009698751645,
      18.432301425979894,
      59.84065536018001,
      60.59370568207273,
      61.831110489514685,
      46.398478854077815,
      10.728673407716713,
      65.54463613948403,
      14.755031671148327,
      50.732383645630854,
      64.72291761309118,
      55.68515950126763
    ],
    [
      41.072814971719254,
      56.06718273345292,
      65.54235757626097,
      77.96578077427934,
      68.20292556907243,
      43.376676720402266,
      38.47548590556366,
      78.45605005369865,
      10.695553988056114,
      51.17393512232636,
      0.0,
      54.518082788415754,
      12.109255712151187,
      43.6843686576649,
      61.50416596974123,
      61.321833098538235,
      35.35330779650911,
      41.14651432023655,
      10.681813269600612,
      42.51841452389107,
      11.0762264975148,
      54.87615611792114,
      39.77478536792854,
      12.609202766410005,
      72.82704090550658,
      41.031772577625,
      10.03544005762621,
      19.34777185336129,
      58.59714581510319,
      57.08754773501884,
      69.68814001669163,
      52.34594634197791,
      43.929363916788084,
      35.801752814872344,
      48.73528366378603,
      6.688237295463199,
      80.09048618023165,
      52.51205090243455,
      73.96908659390051,
      68.98073809874869,
      60.34263070971526,
      47.201465092718465,
      74.63817588997836,
      52.6116584111166,
      63.5583366688283,
      65.36663808107481,
      76.55730850984547,
      71.22657042127403,
      44.87749022508405,
      14.249188378163778,
      53.00486241107985,
      34.51408805044385,
      62.588000277467295,
      47.14867738101581,
      10.591812833450732,
      17.18717845415791,
      62.45364480099,
      14.219345529938906,
      66.09610917494115,
      10.519929349659744,
      61.560234635137874,
      43.621493697372,
      39.69144059423593,
      39.78551732398619,
      49.87669203399483,
      41.85490402159297,
      10.286259187915599,
      4.934164534663096,
      64.51902786725817,
      40.686752499896734,
      46.389807136629386,
      50.1732571268129,
      38.49874912831463,
      66.72296348235076,
      63.18023487378937,
      7.274838669129502,
      61.685372007876204,
      8.442560532738645,
      65.12762494501146,
      43.379906121958705,
      6.714289772325084,
      73.13314143946121,
      53.72272408409743,
      34.568447359142894,
      68.10574983110153,
      59.14404197370203,
      59.28350643839672,
      67.13153321576982,
      71.69226317060209,
      9.647411053573732,
      45.526940152598165,
      63.098315631537176,
      70.56747581006618,
      56.27816799980346,
      67.68553294778319,
      5.485877634810801,
      40.53844769099909,
      40.68564708235346,
      54.71725540234902,
      8.391975278308067,
      63.97762141530614,
      62.11483684954921
    ],
    [
      33.35869214158435,
      55.972721750456515,
      51.3974760727905,
      61.06885629437162,
      56.816599778013945,
      11.824517580032161,
      17.68216958643565,
      62.33978566118694,
      44.38840636262033,
      9.996659307762334,
      54.518082788415754,
      0.0,
      50.07313510789053,
      11.068721770623238,
      11.033649115929913,
      10.01174172955427,
      49.29780301641018,
      16.51194548772635,
      45.365756331059345,
      54.4530367523501,
      43.97580135816226,
      53.59813946972896,
      20.14317181489435,
      42.23844334988428,
      61.811212852074476,
      13.500368715400885,
      53.54836100004225,
      38.98654721296585,
      5.623277207512687,
      47.20847824682999,
      51.91301306846335,
      10.600264111362204,
      50.95301153767298,
      45.75232304330425,
      61.134125057876915,
      47.8373363505378,
      61.13660588622661,
      2.9168137026591947,
      60.65912330527679,
      60.08193598215101,
      11.783667404376528,
      12.745768764406241,
      54.409391468178896,
      5.459068507020165,
      13.113933786723326,
      56.51067841208391,
      63.374065578203925,
      50.34852035276779,
      9.826396700131875,
      41.58061891484435,
      4.460165261616583,
      58.205725770615985,
      51.34482005288104,
      7.46027323934683,
      46.37801138179354,
      42.23587733562531,
      9.614224397188774,
      42.76529212951732,
      13.82759436273292,
      49.35863652203454,
      7.427572344369297,
      11.531419579193129,
      14.867428727035028,
      56.707597707649356,
      4.941859370252533,
      13.4832207112649,
      50.676663540996586,
      49.85737723475595,
      10.338029978352754,
      14.324147663728489,
      8.16789847834608,
      10.529610945805066,
      18.58709801308059,
      61.5408838665521,
      60.37230420792883,
      47.45382660122955,
      7.252257027647709,
      46.14443253825964,
      56.01974584225378,
      13.968967459352557,
      53.77439896455109,
      61.290845553128825,
      10.549653413488343,
      58.66370924327335,
      55.705077493973114,
      4.8343064222025545,
      5.243794585633911,
      63.40224958719597,
      58.800525079029356,
      50.02820255441621,
      9.151008163895943,
      9.496241967806405,
      51.02947495642954,
      53.9324271081338,
      53.55696097885249,
      49.32016791615629,
      17.09223449252509,
      62.149424262498506,
      5.077086839348731,
      52.541039834578015,
      57.243581526467594,
      47.65921906271992
    ],
    [
      30.50261334211399,
      43.96404128056187,
      53.79817156132711,
      66.1271696566179,
      56.26063582262705,
      40.236707617017764,
      36.534123368502534,
      66.57241685009086,
      14.582078559628282,
      48.9452634696048,
      12.109255712151187,
      50.07313510789053,
      0.0,
      39.0114763420247,
      55.25240845298711,
      55.297722610287344,
      23.24408449751465,
      39.59132095838634,
      6.8756758379348515,
      30.462354809115304,
      14.674176038729959,
      42.799882054777434,
      39.379876278795564,
      10.628023816301333,
      60.812190620700726,
      36.858530269379806,
      3.825303710684597,
      11.193318986329777,
      54.868866191015826,
      45.33690603411685,
      58.070279269240714,
      50.27743369481749,
      31.82368173615473,
      23.793072073013892,
      36.867837150020016,
      10.49069958648337,
      68.33019335938657,
      47.654793214173885,
      62.022977604059164,
      56.94227293681379,
      53.771728131518074,
      45.42781277170409,
      63.06733028790547,
      49.34468633022922,
      57.124332058870735,
      53.369668325640255,
      64.57602465094493,
      59.7968014338404,
      41.16586833079869,
      17.680616265419623,
      49.51895927193942,
      23.0901852928891,
      50.75193250725634,
      43.174845568018824,
      5.378744566125135,
      8.002715911853484,
      56.789206296408096,
      7.666043287126982,
      60.01238934271256,
      2.0681680177422646,
      56.50211457470817,
      40.42298835315044,
      35.45125131695916,
      27.91936177945874,
      45.934456770661335,
      38.96361315732099,
      1.826143395406025,
      9.22960820991238,
      60.39412687286519,
      37.631125309504675,
      41.98147865075085,
      48.03457091386748,
      37.08383653727755,
      54.62670570772526,
      51.07433151910788,
      12.441815369364456,
      57.316516224706746,
      10.129519190612301,
      53.143225066129936,
      41.351788630518065,
      6.067395573427302,
      61.142164476515134,
      51.61991828475498,
      23.213110947528083,
      56.21017963707523,
      54.31430458066745,
      55.18729898171051,
      55.02311228465927,
      59.76021581957011,
      2.618662684597987,
      41.74149353528403,
      57.689215560417416,
      59.05278563568934,
      44.20988304315862,
      55.88792695521015,
      9.072111985344932,
      39.06721890874698,
      29.377783177206766,
      49.19874331448798,
      4.084796890479518,
      51.93225147546131,
      50.496785422799995
    ],
    [
      25.590221021647253,
      49.655197455721044,
