{
  "name": "RC-n23-k6",
  "n": 24,
  "m": 6,
  "prob_compat": 0.7,
  "layout": "RC",
  "coords": [
    [
      50.0,
      50.0
    ],
    [
      43.94399945548088,
      36.977006980821315
    ],
    [
      47.40440719933991,
      44.1044181137259
    ],
    [
      33.301347993312675,
      32.28128420597535
    ],
    [
      30.07182958638178,
      37.954878938117005
    ],
    [
      34.21436445417896,
      41.12399763585162
    ],
    [
      36.835622843954596,
      42.53486711168354
    ],
    [
      32.061590770828055,
      47.95450282199299
    ],
    [
      43.08011093701481,
      42.18191210339002
    ],
    [
      40.90454772817029,
      43.46255468687719
    ],
    [
      19.584994533218527,
      74.32344127170205
    ],
    [
      28.32035316765781,
      67.04114169966257
    ],
    [
      75.84843656670705,
      61.59252853754016
    ],
    [
      97.96057949340135,
      37.35048552231602
    ],
    [
      83.76092160511018,
      61.58765548539596
    ],
    [
      26.975680738579623,
      83.59271387159623
    ],
    [
      69.677149754348,
      41.76717336104549
    ],
    [
      48.936283332557615,
      23.997071327211017
    ],
    [
      32.03580821507058,
      35.39034761260673
    ],
    [
      40.57338246157898,
      60.82776824771076
    ],
    [
      19.538547880740342,
      35.236445837803934
    ],
    [
      47.51127207038791,
      68.74997703177418
    ],
    [
      45.0673273145442,
      61.87514344230169
    ],
    [
      23.6915245705587,
      10.764350855290939
    ]
  ],
  "c": [
    [
      0.0,
      14.362224401978708,
      6.4416603267016335,
      24.347440691577034,
      23.285551688324368,
      18.10993394670053,
      15.133705261661275,
      18.054655476593172,
      10.440659126853129,
      11.201135801837399,
      38.94486298399682,
      27.575489065528167,
      28.328932045468306,
      49.600679449620515,
      35.69416741254267,
      40.72578670462668,
      21.330017743127087,
      26.024676611069467,
      23.155002253642547,
      14.356241967931583,
      33.850592265336296,
      18.91442321086452,
      12.858860431511129,
      47.23951781324853
    ],
    [
      14.362224401978708,
      0.0,
      7.9230304310416315,
      11.632533796357441,
      13.906593056604704,
      10.576546163633383,
      9.02323818180157,
      16.177053226470335,
      5.276110376714975,
      7.162443427363174,
      44.58830872600882,
      33.881418502176736,
      40.29661287122624,
      54.017871165143355,
      46.808880666870934,
      49.607942600000875,
      26.175192802619712,
      13.906891380937155,
      12.013430258212166,
      24.08775356752335,
      24.46743998990469,
      31.97259857702863,
      24.92346413991134,
      33.12500686973074
    ],
    [
      6.4416603267016335,
      7.9230304310416315,
      0.0,
      18.403335957627633,
      18.391168499624097,
      13.522578668438397,
      10.68469433810109,
      15.81850714257971,
      4.732395537583097,
      6.531474703593309,
      41.07443343139688,
      29.837801647269952,
      33.390070572659255,
      51.00531504143598,
      40.34178638497733,
      44.45962625427262,
      22.395039047869513,
      20.165615271562938,
      17.667168970657393,
      18.064698687543977,
      29.24289739151206,
      24.64579060374516,
      17.923744616893032,
      40.912845016734295
    ],
    [
      24.347440691577034,
      11.632533796357441,
      18.403335957627633,
      0.0,
      6.528358624132942,
      8.889723272449315,
      10.845601003361274,
      15.722174778197338,
      13.915697520145642,
      13.521444293241228,
      44.22308586000609,
      35.11492563618275,
      51.66627323832208,
      64.8576365601434,
      58.35265175338359,
      51.699873119259784,
      37.59230036617096,
      17.694049454069443,
      3.3567642450382715,
      29.458177751733174,
      14.076492716896945,
      39.13933441818746,
      31.84705282890625,
      23.56537984065409
    ],
    [
      23.285551688324368,
      13.906593056604704,
      18.391168499624097,
      6.528358624132942,
      0.0,
      5.215736616360777,
      8.168548885891347,
      10.195667089019338,
      13.677835833111356,
      12.152459606718098,
      37.85031090551456,
      29.138949038683922,
      51.519280130998276,
      67.89144022142197,
      58.66026533462924,
      45.74273838658157,
      39.78837737800076,
      23.46674260404866,
      3.230175378128844,
      25.168465947679266,
      10.878414498964377,
      35.39028427055829,
      28.23196780363498,
      27.929072836703515
    ],
    [
      18.10993394670053,
      10.576546163633383,
      13.522578668438397,
      8.889723272449315,
      5.215736616360777,
      0.0,
      2.976835269846716,
      7.161720158567516,
      8.928641762247112,
      7.087129272173237,
      36.279767391954316,
      26.578896242507323,
      46.393498660314116,
      63.85780551739766,
      53.60618078257125,
      43.08120704723442,
      35.468617343496256,
      22.584651873411012,
      6.133583771011382,
      20.704484691563838,
      15.812743540319316,
      30.659460036633604,
      23.417874692828498,
      32.13157811027523
    ],
    [
      15.133705261661275,
      9.02323818180157,
      10.68469433810109,
      10.845601003361274,
      8.168548885891347,
      2.976835269846716,
      0.0,
      7.222453424405194,
      6.254455114736235,
      4.173338465851818,
      36.167632273099734,
      25.943540850113088,
      43.41882188163062,
      61.34442222289585,
      50.645754102759504,
      42.22517304738749,
      32.85049837522808,
      22.137656985490707,
      8.607112137316308,
      18.670861761890087,
      18.77380503185414,
      28.305502548590812,
      21.019211379968414,
      34.38216140120332
    ],
    [
      18.054655476593172,
      16.177053226470335,
      15.81850714257971,
      15.722174778197338,
      10.195667089019338,
      7.161720158567516,
      7.222453424405194,
      0.0,
      12.439075136728025,
      9.918441702101081,
      29.17167065220772,
      19.44984941972413,
      45.861570079643066,
      66.7466995255173,
      53.466659333235015,
      35.99928565502638,
      38.12103518401588,
      29.30381840102177,
      12.564181663193557,
      15.432807926871797,
      17.848685572894617,
      25.90645479156969,
      19.050811487292144,
      38.1204067594154
    ],
    [
      10.440659126853129,
      5.276110376714975,
      4.732395537583097,
      13.915697520145642,
      13.677835833111356,
      8.928641762247112,
      6.254455114736235,
      12.439075136728025,
      0.0,
      2.5245040507629497,
      39.81329416294751,
      28.91075484193188,
      38.08589233465911,
      55.092726487049454,
      45.072288968075384,
      44.43205121420732,
      26.60027221806442,
      19.104533210243584,
      12.965414410901532,
      18.813602499369022,
      24.544748782151775,
      26.935056395499767,
      19.79324100542945,
      36.91856492427062
    ],
    [
      11.201135801837399,
      7.162443427363174,
      6.531474703593309,
      13.521444293241228,
      12.152459606718098,
      7.087129272173237,
      4.173338465851818,
      9.918441702101081,
      2.5245040507629497,
      0.0,
      37.50890120003252,
      26.726610676558366,
      39.36713501114524,
      57.38247250047209,
      46.53158132748684,
      42.478735995843834,
      28.822507614653933,
      21.057393457981064,
      11.992292007832287,
      17.3683710360861,
      22.894864408359748,
      26.136230320825653,
      18.87729214058828,
      36.95214066920123
    ],
    [
      38.94486298399682,
      44.58830872600882,
      41.07443343139688,
      44.22308586000609,
      37.85031090551456,
      36.279767391954316,
      36.167632273099734,
      29.17167065220772,
      39.81329416294751,
      37.50890120003252,
      0.0,
      11.372703175991154,
      57.68579589899552,
      86.6587085912137,
      65.42743961925633,
      11.85502666033543,
      59.74223459972161,
      58.260120717107846,
      40.87552498999961,
      24.952867935406406,
      39.08702302991491,
      28.47701671026595,
      28.36034913092007,
      63.69161297619255
    ],
    [
      27.575489065528167,
      33.881418502176736,
      29.837801647269952,
      35.11492563618275,
      29.138949038683922,
      26.578896242507323,
      25.943540850113088,
      19.44984941972413,
      28.91075484193188,
      26.726610676558366,
      11.372703175991154,
      0.0,
      47.83937809981891,
      75.70532469345991,
      55.70814249781657,
      16.60610385684287,
      48.46811425560404,
      47.726392811447504,
      31.86812471028934,
      13.738367316792413,
      32.99482963984902,
      19.266849418714948,
      17.52565779283439,
      56.46683311398359
    ],
    [
      28.328932045468306,
      40.29661287122624,
      33.390070572659255,
      51.66627323832208,
      51.519280130998276,
      46.393498660314116,
      43.41882188163062,
      45.861570079643066,
      38.08589233465911,
      39.36713501114524,
      57.68579589899552,
      47.83937809981891,
      0.0,
      32.81194164267843,
      7.912486538983218,
      53.596216442661124,
      20.763657885704074,
      46.235077533751685,
      51.049982255643975,
      35.28334310153465,
      62.17271635614208,
      29.227110028859556,
      30.7824066307035,
      72.8275161973293
    ],
    [
      49.600679449620515,
      54.017871165143355,
      51.00531504143598,
      64.8576365601434,
      67.89144022142197,
      63.85780551739766,
      61.34442222289585,
      66.7466995255173,
      55.092726487049454,
      57.38247250047209,
      86.6587085912137,
      75.70532469345991,
      32.81194164267843,
      0.0,
      28.090402132467492,
      84.71835417392896,
      28.626203542711508,
      50.81038559912875,
      65.95390518176545,
      62.00381590948513,
      78.45052075062915,
      59.42272870303294,
      58.302272444120845,
      78.88418774168504
    ],
    [
      35.69416741254267,
      46.808880666870934,
      40.34178638497733,
      58.35265175338359,
      58.66026533462924,
      53.60618078257125,
      50.645754102759504,
      53.466659333235015,
      45.072288968075384,
      46.53158132748684,
      65.42743961925633,
      55.70814249781657,
      7.912486538983218,
      28.090402132467492,
      0.0,
      60.899804390900755,
      24.314689822944857,
      51.242633111187,
      57.98091319558669,
      43.19422375605374,
      69.41829396264343,
      36.95045251852681,
      38.69466227334574,
      78.68507325801406
    ],
    [
      40.72578670462668,
      49.607942600000875,
      44.45962625427262,
      51.699873119259784,
      45.74273838658157,
      43.08120704723442,
      42.22517304738749,
      35.99928565502638,
      44.43205121420732,
      42.478735995843834,
      11.85502666033543,
      16.60610385684287,
      53.596216442661124,
      84.71835417392896,
      60.899804390900755,
      0.0,
      59.772830743610825,
      63.513059102587476,
      48.46723638752377,
      26.516791687648077,
      48.92483626238432,
      25.338061256600717,
      28.2658900652532,
      72.90237404481897
    ],
    [
      21.330017743127087,
      26.175192802619712,
      22.395039047869513,
      37.59230036617096,
      39.78837737800076,
      35.468617343496256,
      32.85049837522808,
      38.12103518401588,
      26.60027221806442,
      28.822507614653933,
      59.74223459972161,
      48.46811425560404,
      20.763657885704074,
      28.626203542711508,
      24.314689822944857,
      59.772830743610825,
      0.0,
      27.312269517918857,
      38.17767016860095,
      34.78987709183839,
      50.56213800684221,
      34.919877253984865,
      31.78008529421161,
      55.46037077830689
    ],
    [
      26.024676611069467,
      13.906891380937155,
      20.165615271562938,
      17.694049454069443,
      23.46674260404866,
      22.584651873411012,
      22.137656985490707,
      29.30381840102177,
      19.104533210243584,
      21.057393457981064,
      58.260120717107846,
      47.726392811447504,
      46.235077533751685,
      50.81038559912875,
      51.242633111187,
      63.513059102587476,
      27.312269517918857,
      0.0,
      20.382168768611418,
      37.76821873781611,
      31.473010486516856,
      44.77558738976891,
      38.07515157980769,
      28.502679453684593
    ],
    [
      23.155002253642547,
      12.013430258212166,
      17.667168970657393,
      3.3567642450382715,
      3.230175378128844,
      6.133583771011382,
      8.607112137316308,
      12.564181663193557,
      12.965414410901532,
      11.992292007832287,
      40.87552498999961,
      31.86812471028934,
      51.049982255643975,
      65.95390518176545,
      57.98091319558669,
      48.46723638752377,
      38.17767016860095,
      20.382168768611418,
      0.0,
      26.831931398649996,
      12.498207936352772,
      36.7743777176639,
      29.517196685670765,
      26.001284311191178
    ],
    [
      14.356241967931583,
      24.08775356752335,
      18.064698687543977,
      29.458177751733174,
      25.168465947679266,
      20.704484691563838,
      18.670861761890087,
      15.432807926871797,
      18.813602499369022,
      17.3683710360861,
      24.952867935406406,
      13.738367316792413,
      35.28334310153465,
      62.00381590948513,
      43.19422375605374,
      26.516791687648077,
      34.78987709183839,
      37.76821873781611,
      26.831931398649996,
      0.0,
      33.12672710261375,
      10.53070293201316,
      4.614383505923299,
      52.83316086380075
    ],
    [
      33.850592265336296,
      24.46743998990469,
      29.24289739151206,
      14.076492716896945,
      10.878414498964377,
      15.812743540319316,
      18.77380503185414,
      17.848685572894617,
      24.544748782151775,
      22.894864408359748,
      39.08702302991491,
      32.99482963984902,
      62.17271635614208,
      78.45052075062915,
      69.41829396264343,
      48.92483626238432,
      50.56213800684221,
      31.473010486516856,
      12.498207936352772,
      33.12672710261375,
      0.0,
      43.65352301566634,
      36.89632487719721,
      24.821979135824613
    ],
    [
      18.91442321086452,
      31.97259857702863,
      24.64579060374516,
      39.13933441818746,
      35.39028427055829,
      30.659460036633604,
      28.305502548590812,
      25.90645479156969,
      26.935056395499767,
      26.136230320825653,
      28.47701671026595,
      19.266849418714948,
      29.227110028859556,
      59.42272870303294,
      36.95045251852681,
      25.338061256600717,
      34.919877253984865,
      44.77558738976891,
      36.7743777176639,
      10.53070293201316,
      43.65352301566634,
      0.0,
      7.296314333453235,
      62.68742468816595
    ],
    [
      12.858860431511129,
      24.92346413991134,
      17.923744616893032,
      31.84705282890625,
      28.23196780363498,
      23.417874692828498,
      21.019211379968414,
      19.050811487292144,
      19.79324100542945,
      18.87729214058828,
      28.36034913092007,
      17.52565779283439,
      30.7824066307035,
      58.302272444120845,
      38.69466227334574,
      28.2658900652532,
      31.78008529421161,
      38.07515157980769,
      29.517196685670765,
      4.614383505923299,
      36.89632487719721,
      7.296314333453235,
      0.0,
      55.40070452460159
    ],
    [
      47.23951781324853,
      33.12500686973074,
      40.912845016734295,
      23.56537984065409,
      27.929072836703515,
      32.13157811027523,
      34.38216140120332,
      38.1204067594154,
      36.91856492427062,
      36.95214066920123,
      63.69161297619255,
      56.46683311398359,
      72.8275161973293,
      78.88418774168504,
      78.68507325801406,
      72.90237404481897,
      55.46037077830689,
      28.502679453684593,
      26.001284311191178,
      52.83316086380075,
      24.821979135824613,
      62.68742468816595,
      55.40070452460159,
      0.0
    ]
  ],
  "u": [
    [
      1.0,
      1.0,
      1.0,
      1.0,
      0.0,
      0.0,
      1.0,
      0.0,
      1.0,
      1.0,
      1.0,
      1.0,
      1.0,
      1.0,
      1.0,
      1.0,
      1.0,
      1.0,
      1.0,
      1.0,
      1.0,
      0.0,
      1.0,
      1.0
    ],
    [
      1.0,
      1.0,
      1.0,
      1.0,
      0.0,
      1.0,
      0.0,
      1.0,
      1.0,
      1.0,
      0.0,
      0.0,
      1.0,
      1.0,
      1.0,
      0.0,
      1.0,
      1.0,
      1.0,
      1.0,
      1.0,
      1.0,
      1.0,
      1.0
    ],
    [
      1.0,
      1.0,
      1.0,
      0.0,
      1.0,
      1.0,
      1.0,
      1.0,
      0.0,
      1.0,
      0.0,
      0.0,
      0.0,
      0.0,
      1.0,
      1.0,
      1.0,
      1.0,
      1.0,
      0.0,
      0.0,
      1.0,
      0.0,
      1.0
    ],
    [
      1.0,
      1.0,
      1.0,
      1.0,
      0.0,
      1.0,
      1.0,
      0.0,
      1.0,
      0.0,
      0.0,
      0.0,
      1.0,
      0.0,
      1.0,
      1.0,
      1.0,
      1.0,
      1.0,
      0.0,
      1.0,
      0.0,
      1.0,
      0.0
    ],
    [
      1.0,
      1.0,
      1.0,
      1.0,
      0.0,
      1.0,
      1.0,
      0.0,
      1.0,
      0.0,
      0.0,
      1.0,
      1.0,
      0.0,
      1.0,
      1.0,
      1.0,
      0.0,
      1.0,
      1.0,
      0.0,
      0.0,
      0.0,
      1.0
    ],
    [
      1.0,
      1.0,
      1.0,
      1.0,
      1.0,
      0.0,
      1.0,
      1.0,
      1.0,
      1.0,
      1.0,
      1.0,
      1.0,
      1.0,
      1.0,
      0.0,
      1.0,
      1.0,
      1.0,
      0.0,
      1.0,
      1.0,
      1.0,
      1.0
    ]
  ]
}