{
  "name": "c-n81-k18",
  "n": 82,
  "m": 18,
  "prob_compat": 0.3,
  "layout": "C",
  "coords": [
    [
      50.0,
      50.0
    ],
    [
      58.446062547579004,
      62.8717131657923
    ],
    [
      23.973128324425552,
      50.3415845892484
    ],
    [
      77.01844616670098,
      23.87463161416781
    ],
    [
      26.560091252190414,
      45.110558687181765
    ],
    [
      85.66697426899505,
      32.05788220996538
    ],
    [
      24.943101528304176,
      64.3984870153226
    ],
    [
      33.60038284353785,
      56.39224017291443
    ],
    [
      20.39962854525195,
      57.79721850946765
    ],
    [
      47.95774933353507,
      66.42271072066207
    ],
    [
      78.12204855316683,
      72.1627192269109
    ],
    [
      76.80809253822207,
      29.380966368183273
    ],
    [
      26.55264544613575,
      44.81180322519927
    ],
    [
      36.27762551647665,
      48.653991098444436
    ],
    [
      31.730634014038138,
      44.34896912685089
    ],
    [
      49.41798737442984,
      64.21736781281294
    ],
    [
      35.27590808182515,
      51.09570702562541
    ],
    [
      81.08801998539354,
      24.030671702510823
    ],
    [
      77.0001257179933,
      58.264634446687296
    ],
    [
      83.6841294017858,
      24.935288965422004
    ],
    [
      31.647169024237726,
      57.088655561196234
    ],
    [
      25.638034540189977,
      64.00831826261062
    ],
    [
      33.21218421514356,
      43.43946369223203
    ],
    [
      62.74720845364752,
      21.633634111679875
    ],
    [
      79.92182760426286,
      20.781432009355235
    ],
    [
      23.376434964178014,
      51.99399684883243
    ],
    [
      83.12736259276414,
      20.424329998298465
    ],
    [
      76.3065946817431,
      70.2500309487459
    ],
    [
      29.613557038710283,
      57.72945242617193
    ],
    [
      33.08250999687797,
      50.62080766883048
    ],
    [
      31.05660140433099,
      53.18941389000067
    ],
    [
      62.21453702606166,
      22.785189131651475
    ],
    [
      25.227249464798934,
      50.631189707438445
    ],
    [
      34.98910124939108,
      55.137108929264166
    ],
    [
      81.14904218275245,
      20.69477164296341
    ],
    [
      66.65373093438475,
      27.75807097467554
    ],
    [
      27.476991889879216,
      54.34539935878716
    ],
    [
      35.514279194176865,
      50.350391942651314
    ],
    [
      50.66915425597883,
      68.27941359159726
    ],
    [
      49.97989799808673,
      68.17482312975913
    ],
    [
      62.170223626167086,
      73.15339812541927
    ],
    [
      26.81403751042106,
      46.768148088602004
    ],
    [
      77.21791800600825,
      20.129482621932304
    ],
    [
      77.61631582405853,
      18.815614382343647
    ],
    [
      73.30346378237428,
      21.58792176552561
    ],
    [
      65.70860542364407,
      17.491586018472944
    ],
    [
      70.68192576356711,
      30.617768467816852
    ],
    [
      54.78996610088826,
      72.359273366689
    ],
    [
      72.93228769717325,
      19.82695162995
    ],
    [
      56.167846969400486,
      75.15690168130794
    ],
    [
      73.94622030763603,
      31.985310077619694
    ],
    [
      23.678740666498207,
      50.21570017269766
    ],
    [
      86.50147496367191,
      25.946162005427148
    ],
    [
      87.94416685955143,
      18.971719619122936
    ],
    [
      87.27203172534081,
      23.700444229073433
    ],
    [
      88.16242977729432,
      65.47168132601887
    ],
    [
      29.646013086658634,
      43.85356471565126
    ],
    [
      90.51818657216867,
      69.1479920784369
    ],
    [
      31.155250262613166,
      58.125018711703866
    ],
    [
      79.56376396386744,
      65.56061235356027
    ],
    [
      70.3226418862301,
      31.00825383222702
    ],
    [
      58.835186594527585,
      74.85479375157952
    ],
    [
      72.40901060686288,
      21.652318915529047
    ],
    [
      76.55297518652083,
      59.99878002776846
    ],
    [
      24.874310122290723,
      53.360042304142915
    ],
    [
      56.253477519966744,
      65.69511948357214
    ],
    [
      61.3579663501436,
      62.97576681069496
    ],
    [
      87.97846939449809,
      71.69140267753852
    ],
    [
      69.79562263579157,
      17.94011796770253
    ],
    [
      68.01995093263986,
      24.920460558597416
    ],
    [
      81.57194161605557,
      61.9231054528079
    ],
    [
      54.38221480153911,
      72.75592626648921
    ],
    [
      21.468535150701634,
      51.5316898209651
    ],
    [
      51.985192376867545,
      71.59050633413307
    ],
    [
      80.78338010680677,
      62.03022208204966
    ],
    [
      71.17524593168352,
      27.863909342631885
    ],
    [
      24.394105720042766,
      53.78869337183089
    ],
    [
      79.02831343375381,
      19.34450775434746
    ],
    [
      87.36321593275147,
      31.342704241386997
    ],
    [
      35.25886636547766,
      61.47387813042653
    ],
    [
      31.695256026137443,
      60.62169916776688
    ],
    [
      78.08414908492864,
      20.32842217065875
    ]
  ],
  "c": [
    [
      0.0,
      15.39535554574975,
      26.029113109140532,
      37.583657439881485,
      23.94443481181241,
      39.92558884095051,
      28.899214337958846,
      17.6013686202735,
      30.610106284419334,
      16.549205878205314,
      35.80552664544342,
      33.820383993205446,
      24.014491902779692,
      13.78823054017881,
      19.12338577392363,
      14.229275674507555,
      14.76480466179173,
      40.50766592677243,
      28.236695474591453,
      41.98643010310767,
      19.674232958114974,
      28.102283565781033,
      18.024189176543196,
      31.098907329210046,
      41.82153132781197,
      26.698131744558395,
      44.40881003136672,
      33.19790169837066,
      21.802556992756013,
      16.92887681352229,
      19.210015911396944,
      29.830200223280638,
      24.780790332959135,
      15.865590737572873,
      42.767502124404615,
      27.78579062762934,
      22.938360663219036,
      14.489957963283821,
      18.2916573516717,
      18.174834246520888,
      26.157105877085947,
      23.410120105317027,
      40.41117257659362,
      41.65485333121266,
      36.74639593019053,
      36.10480942963255,
      28.34454008194269,
      22.866588742835834,
      37.898583970477056,
      25.90196977916809,
      29.9658225320339,
      26.32214313968293,
      43.71435458510996,
      49.01544636193576,
      45.61656478389061,
      41.17941196229982,
      21.261783790951284,
      44.814830622606976,
      20.521708548029792,
      33.40881315654658,
      27.815394941238456,
      26.378424793639144,
      36.1352290603694,
      28.373157971922904,
      25.349362440038853,
      16.89505124870402,
      17.244533160875278,
      43.736496060703736,
      37.67894254704468,
      30.882064863082196,
      33.74830278764251,
      23.17403691230171,
      28.572549066444815,
      21.681580951061044,
      33.05060868037958,
      30.633275206195297,
      25.88466764982896,
      42.218505251033164,
      41.76247825335288,
      18.680227519565335,
      21.16327349819014,
      40.85488906737054
    ],
    [
      15.39535554574975,
      0.0,
      36.6795217539513,
      43.193816719987616,
      36.49895579141152,
      41.11532820152848,
      33.53773151909142,
      25.676669765007226,
      38.3833510302383,
      11.073134050962251,
      21.759301894128647,
      38.19416534549269,
      36.65174486254323,
      26.335968202940645,
      32.50855531183859,
      9.127810677324575,
      25.990967249799333,
      44.958700365648426,
      19.117490276073227,
      45.56459480394677,
      27.41577008463303,
      32.82771044224279,
      31.849033506510654,
      41.46177782221255,
      47.252515833527895,
      36.717890613578206,
      49.101394172553746,
      19.324548673171073,
      29.287475470466656,
      28.16725906948815,
      29.05046472921712,
      40.26326873261441,
      35.402259209875176,
      24.69925375472719,
      47.899057198813715,
      36.06013988150276,
      32.121353715824746,
      26.127574953302734,
      9.472250338288715,
      9.989940814089143,
      10.935374769448455,
      35.49520835474402,
      46.6827680115119,
      48.04621161654018,
      43.875890917819895,
      45.95759424658296,
      34.49685923704402,
      10.167636883422993,
      45.41698156815648,
      12.494643775730971,
      34.55755758602935,
      36.99920723021049,
      46.37458888587374,
      52.88995737753641,
      48.63460505802458,
      29.829889637165778,
      34.5127921128248,
      32.68046536446458,
      27.70053326948267,
      21.288200768253997,
      34.004899315966846,
      11.989396892645779,
      43.520137647586715,
      18.333412942761818,
      34.89318620426056,
      3.5747800405883132,
      2.9137623301167985,
      30.82125852809323,
      46.342860952264815,
      39.14022117036029,
      23.1453265106141,
      10.687026112206427,
      38.67730163607646,
      10.851737080997436,
      22.35316225919285,
      37.250213934245366,
      35.242545486412965,
      48.14817403050251,
      42.781773732009064,
      23.229292059237434,
      26.845264247887574,
      46.857081124895565
    ],
    [
      26.029113109140532,
      36.6795217539513,
      0.0,
      59.28157677367523,
      5.835752665913951,
      64.3461296437204,
      14.090328379154737,
      11.370772294260274,
      8.267791592927196,
      28.876714885960507,
      58.38036895064625,
      56.84083883689971,
      6.10183501214029,
      12.41968690987809,
      9.802567755671845,
      28.98237761368001,
      11.327909378756935,
      62.88382134044976,
      53.61564297498355,
      64.89132073695046,
      10.218310396678838,
      13.767771134279641,
      11.532537735851598,
      48.244955285395925,
      63.27763879643607,
      1.756846391061867,
      66.28925670222286,
      55.992302483658214,
      9.294892536053169,
      9.113660076093646,
      7.634508667882185,
      47.1355520822769,
      1.2871250752018244,
      12.014520930076952,
      64.40511348803625,
      48.28715073732197,
      5.320488003378111,
      11.541154230311431,
      32.162765892498626,
      31.533735359161305,
      44.49041386972427,
      4.565108260186784,
      61.219104318174075,
      62.22120508803591,
      57.0986437857686,
      53.11282759182892,
      50.70247213502316,
      37.87421431054448,
      57.690052098492764,
      40.64849162033641,
      53.23779424721393,
      1.0,
      67.11878110097774,
      71.24859436863625,
      68.67679034032491,
      65.94836046689328,
      8.61835386867862,
      69.15146954219361,
      10.590784780817705,
      57.636252280037105,
      50.22006656284211,
      42.61760821848387,
      56.29483686249901,
      53.459346421174686,
      3.1501135867472665,
      35.74565677026083,
      39.46199025155587,
      67.4722047801863,
      56.12090541092795,
      50.85622999064362,
      58.7516375781741,
      37.777178999981786,
      2.772965457488411,
      35.15952798031204,
      58.000249603046264,
      52.28083579192063,
      3.4727195289251314,
      63.1814227422203,
      66.1759825122649,
      15.852313478423486,
      12.857371892770868,
      61.87723722103499
    ],
    [
      37.583657439881485,
      43.193816719987616,
      59.28157677367523,
      0.0,
      54.74495574323793,
      11.906411241419113,
      65.98503145245523,
      54.24502824327843,
      66.00327575598105,
      51.52536400726998,
      48.30069713289204,
      5.510351265780864,
      54.636637867255196,
      47.68470534358743,
      49.70094995227091,
      48.88068830875164,
      49.833988725804105,
      4.072564250562298,
      34.39000771240883,
      6.7495427257896745,
      56.22921105877252,
      65.1970820121967,
      47.97677813704583,
      14.446116975458724,
      4.242346940926866,
      60.565370196607105,
      7.015941928286958,
      46.38086238933277,
      58.252660071879966,
      51.43660584317139,
      54.514655220772354,
      14.843941887753932,
      58.29443761469594,
      52.381373808397946,
      5.212804704215221,
      11.068352321540399,
      58.16204414228369,
      49.229683739126976,
      51.633998941196595,
      51.89980785498673,
      51.46714040515227,
      55.17785556808043,
      3.7504573039456472,
      5.094222558848667,
      4.362354415649301,
      12.98675358625202,
      9.25318244964249,
      53.337283507004315,
      5.751556684301279,
      55.35899845666976,
      8.673043114536537,
      59.489293790173136,
      9.706650984046503,
      11.9753880391967,
      10.255064995087707,
      43.063939850452385,
      51.41308378026591,
      47.24320224902902,
      57.240909801188536,
      41.76361613765709,
      9.783780502053395,
      54.125852050806756,
      5.117183787087495,
      36.127147158905814,
      59.90325840364999,
      46.69193858188853,
      42.12065291210352,
      49.056760024288785,
      9.34813521397403,
      9.059065882221384,
      38.31997758685373,
      53.86817183926148,
      62.054052909859315,
      53.88384262093443,
      38.34088955053178,
      7.075120195539268,
      60.532407008866485,
      4.955964953112968,
      12.758776206126228,
      56.19222227110379,
      58.348423614579765,
      3.7028805175365544
    ],
    [
      23.94443481181241,
      36.49895579141152,
      5.835752665913951,
      54.74495574323793,
      0.0,
      60.53095062181913,
      19.355589243385268,
      13.298196976910837,
      14.10328466031876,
      30.200456878403557,
      58.22761226922321,
      52.65246155464087,
      1.0,
      10.343422326810588,
      5.226330558862582,
      29.791837306523927,
      10.572959076858229,
      58.46072739215428,
      52.12702548580912,
      60.582152841098214,
      13.01357617959541,
      18.92024063142057,
      6.858782637605364,
      43.13552409413611,
      58.64623868087211,
      7.584021906974531,
      61.71925205151095,
      55.73784772536925,
      12.983070996700766,
      8.53843019066223,
      9.245891246192407,
      42.06734635359026,
      5.679245908748557,
      13.098851830977834,
      59.800369737050374,
      43.687627227606534,
      9.280247249364177,
      10.374648632389444,
      33.43714635704574,
      32.87016340531743,
      45.32639817425283,
      1.6769291355838658,
      56.482471376504066,
      57.42962792433509,
      52.32836060152858,
      47.910477070338096,
      46.441115931810145,
      39.23542131363363,
      52.817055852788485,
      42.18295776650401,
      49.17028958550232,
      5.862137049302435,
      62.93046624189834,
      66.71764119028859,
      64.37649196037833,
      64.88006956589416,
      3.3321085535906145,
      68.32595525126928,
      13.801871469512864,
      56.81191790359077,
      45.97864548047242,
      43.89078831512489,
      51.50157686105939,
      52.16270294719909,
      8.41996662490038,
      36.130614874752126,
      39.115952917309734,
      66.92352681136269,
      51.06411678383457,
      46.11464005242178,
      57.52360740776482,
      39.22163825479816,
      8.19480741517757,
      36.70999039206276,
      56.801761095997676,
      47.83261377647011,
      8.944356596781184,
      58.45343205977996,
      62.34239157235182,
      18.531781125224246,
      16.339075746933563,
      57.17414473234328
    ],
    [
      39.92558884095051,
      41.11532820152848,
      64.3461296437204,
      11.906411241419113,
      60.53095062181913,
      0.0,
      68.79900754955638,
      57.47252317529164,
      70.159388900998,
      51.0188894802965,
      40.808379730309426,
      9.254494256511656,
      60.474510113269695,
      52.10315345961456,
      55.319071012598535,
      48.45845194723125,
      53.867414316927245,
      9.241370616001793,
      27.602683322512874,
      7.393443601910613,
      59.53720662948674,
      68.00223502884802,
      53.67537048433958,
      25.17897165185628,
      12.655632711410517,
      65.40305767912541,
      11.90752554175839,
      39.32247361627416,
      61.65237303265794,
      55.76475665128415,
      58.55625035435561,
      25.21903347787816,
      63.22917116175609,
      55.68570301030507,
      12.228327444659476,
      19.49337833112125,
      62.31217754131881,
      53.3845364837806,
      50.367119644605665,
      50.774017313676296,
      47.3385542568482,
      60.66349880553289,
      14.617567118604384,
      15.497443615496499,
      16.20112537019929,
      24.70857081470645,
      15.05408935473525,
      50.76998879831051,
      17.656950612597118,
      52.22761712761602,
      11.720978633932681,
      64.59293659778476,
      6.16842891407342,
      13.282818129013476,
      8.510169154759872,
      33.5068540684123,
      57.24933377400812,
      37.406022387655064,
      60.42370114076279,
      34.05410552493132,
      15.380190376068906,
      50.51257731801506,
      16.853763613535634,
      29.38977288344117,
      64.41684592350016,
      44.68352629779815,
      39.32993076758226,
      39.70086843343309,
      21.241729446184603,
      19.035761620257826,
      30.144665394949435,
      51.33290333658646,
      67.08702384288229,
      51.93544841022915,
      30.367592090066882,
      15.086404429630258,
      65.01224941478216,
      14.342304826426053,
      1.8408463565987963,
      58.36332888385685,
      61.06421218099188,
      13.967085257339942
    ],
    [
      28.899214337958846,
      33.53773151909142,
      14.090328379154737,
      65.98503145245523,
      19.355589243385268,
      68.79900754955638,
      0.0,
      11.79188315209513,
      8.013731504993038,
      23.1034953028341,
      53.74275493969968,
      62.57958169188807,
      19.652704992384855,
      19.400015095742848,
      21.167280524551117,
      24.475555996675546,
      16.844311999211307,
      69.15064990065166,
      52.4171528683086,
      70.76618087730058,
      9.918576353376928,
      1.0,
      22.53127575481782,
      57.07874511841507,
      70.1791123364273,
      12.50303244871828,
      72.93239829441457,
      51.6957347885505,
      8.141816567939296,
      16.002325405797944,
      12.767858123545789,
      55.8643577320875,
      13.770229308674876,
      13.663646455064676,
      71.19777034570357,
      55.518435614515475,
      10.36750557243487,
      17.58120508993217,
      26.017136276645275,
      25.319989966793305,
      38.24273902631566,
      17.72933309857478,
      68.50110355140018,
      69.65820685117328,
      64.58691147865808,
      62.14566492499077,
      56.86103224537939,
      30.890280739194914,
      65.4949139686426,
      33.02617467988918,
      58.7530398302602,
      14.239032657178715,
      72.5810900901524,
      77.67062140179203,
      74.43941312328056,
      63.22843672179531,
      21.076318687693938,
      65.74685982504876,
      8.828770948081376,
      54.633023897653025,
      56.34013094693804,
      35.468405387031645,
      63.876814352860535,
      51.797070193143334,
      11.038659062554297,
      31.337212711040504,
      36.44264689582103,
      63.455844655024386,
      64.57653369655625,
      58.43055303111301,
      56.682916681873,
      30.60242116485716,
      13.327681026836295,
      27.982133931208637,
      55.890476742634306,
      58.925262340160955,
      10.623987836729,
      70.39226657883498,
      70.63253823176615,
      10.722329098916797,
      7.73664764662671,
      69.03724756121365
    ],
    [
      17.6013686202735,
      25.676669765007226,
      11.370772294260274,
      54.24502824327843,
      13.298196976910837,
      57.47252317529164,
      11.79188315209513,
      0.0,
      13.275310850217314,
      17.51411750381183,
      47.23226362511641,
      50.95601131970853,
      13.556442096757781,
      8.18829207273044,
      12.187548489108377,
      17.64735775339749,
      5.555236106995726,
      57.466049065349644,
      43.44011443223077,
      59.14322825633863,
      2.0736534466830947,
      11.01833181439809,
      12.958592390132743,
      45.36185774928355,
      58.42778365454839,
      11.129854202894949,
      61.20957674587788,
      44.89831728201384,
      4.2051060162974485,
      5.794620387437326,
      4.090100268816947,
      44.138460544872856,
      10.163614762667503,
      1.8718689188996585,
      59.45741555435725,
      43.73144710260644,
      6.456428896048153,
      6.337738498748813,
      20.800188687028832,
      20.177159805904886,
      33.12359005684017,
      11.776146713914578,
      56.722808100892294,
      57.8740456677281,
      52.798439520867475,
      50.44005205089611,
      45.1593203780443,
      26.53195408618226,
      53.70306383853414,
      29.349667095159397,
      47.153842233226676,
      11.687113838047857,
      61.03678582038585,
      65.98137782507928,
      62.84424727630429,
      55.3123242799842,
      13.147449273402605,
      58.32962873159901,
      2.9968641615509832,
      46.868875092704236,
      44.64158455680978,
      31.267574338218896,
      52.08619507932652,
      43.103739033953076,
      9.237887694266247,
      24.488900789702964,
      28.52764037063979,
      56.48929695337532,
      52.807774860367836,
      46.63882052038269,
      48.28934584159794,
      26.4509879229426,
      13.069302895181908,
      23.85348016294591,
      47.518649715173716,
      47.17770655781119,
      9.567339986643166,
      58.61937695905012,
      59.31206852035702,
      5.345429068257628,
      4.638731677896072,
      57.26608444724084
    ],
    [
      30.610106284419334,
      38.3833510302383,
      8.267791592927196,
      66.00327575598105,
      14.10328466031876,
      70.159388900998,
      8.013731504993038,
      13.275310850217314,
      0.0,
      28.876446063651564,
      59.48315208891502,
      63.161682971586934,
      14.3694337775527,
      18.322374172249262,
      17.58542283798472,
      29.720085232316737,
      16.316064139930806,
      69.4496979032901,
      56.6024271375342,
      71.30802522871078,
      11.269837100778638,
      8.125186613936648,
      19.243354857870397,
      55.68772181184886,
      70.09322813968852,
      6.522174338226875,
      73.01713096529951,
      57.27705823656285,
      9.214177691178339,
      14.572451903149789,
      11.610466568158598,
      54.53740709285284,
      8.640479878708113,
      14.829999890880343,
      71.18344485048404,
      55.15244665870579,
      7.874269957327992,
      16.849566467873526,
      32.033117245940616,
      31.347839136970915,
      44.503874728063174,
      12.758723945632466,
      68.17020129161574,
      69.23376895334067,
      64.10872759217295,
      60.641960689491235,
      57.15795586020879,
      37.34633528012264,
      64.81837273855103,
      39.75832050105077,
      59.44318385030803,
      8.260266133393264,
      73.37536303384101,
      77.90817685054648,
      75.06336205772102,
      68.19600142483363,
      16.730843021479064,
      71.03134688563986,
      10.760615758382897,
      59.67130972092675,
      56.65647261806835,
      42.05060042020262,
      63.33584758323298,
      56.19648754266912,
      6.301690875708693,
      36.71342160706923,
      41.28441350252854,
      68.99237700082533,
      63.470880691770766,
      57.8668844645957,
      61.31129446930343,
      37.129221732026295,
      6.356053105317988,
      34.465963378021605,
      60.53194009688659,
      58.942058995683766,
      5.658985923201313,
      70.11371945755111,
      71.99974556179605,
      15.3073438115963,
      11.643405480186713,
      68.78527901354708
    ],
    [
      16.549205878205314,
      11.073134050962251,
      28.876714885960507,
      51.52536400726998,
      30.200456878403557,
      51.0188894802965,
      23.1034953028341,
      17.51411750381183,
      28.876446063651564,
      0.0,
      30.70558003137681,
      46.95139111573398,
      30.41726146791995,
      21.2638822747587,
      27.396520573653174,
      2.644963606040101,
      19.89336924206754,
      53.80241449583701,
      30.166435562534186,
      54.75016343974024,
      18.79254149246421,
      22.449921144577846,
      27.306800153635038,
      47.16767414819977,
      55.7209890624745,
      28.503136671606665,
      57.902959560658495,
      28.60603804627471,
      20.299806174548333,
      21.701909717403105,
      21.465529258167205,
      45.90739903045198,
      27.677567815718504,
      17.191586341125568,
      56.504038203443734,
      42.94757379301223,
      23.776519408810394,
      20.326322343481035,
      3.286192660875387,
      2.6756276115446216,
      15.725666232604684,
      28.86794731040749,
      54.76513889823163,
      56.08980467106952,
      51.50304400298805,
      52.05139629782224,
      42.40733526352256,
      9.051075185098414,
      52.8667412625037,
      11.987151243204993,
      43.14319397797413,
      29.191393470608432,
      55.89248412217919,
      62.052478943900816,
      58.05863289951774,
      40.215927025175894,
      29.063482856854296,
      42.647602235327426,
      18.739681632937636,
      31.617769915149672,
      41.885226221144116,
      13.7629453826975,
      51.012274603683984,
      29.307914069929396,
      26.523168588597027,
      8.327574385824903,
      13.836446018059123,
      40.366039552257575,
      53.173814142063684,
      46.09694893935735,
      33.91401436534404,
      9.021273507630891,
      30.387842494314004,
      6.551824857999278,
      33.11821239293421,
      45.009258069817335,
      26.73693502842545,
      56.406889189560125,
      52.75791554343235,
      13.629107551215377,
      17.26616412553686,
      55.06617290961606
    ],
    [
      35.80552664544342,
      21.759301894128647,
      58.38036895064625,
      48.30069713289204,
      58.22761226922321,
      40.808379730309426,
      53.74275493969968,
      47.23226362511641,
      59.48315208891502,
      30.70558003137681,
      0.0,
      42.8019258687557,
      58.37358943005092,
      47.996000223889894,
      54.090369175758724,
      29.783413794361863,
      47.74526946598014,
      48.22334481791876,
      13.943294854745297,
      47.55383173278858,
      48.85838538701922,
      53.11370804228351,
      53.30967382539603,
      52.816419328349475,
      51.41279880307736,
      58.34260509780893,
      51.97993929013759,
      2.6370910505132668,
      50.6102058832941,
      49.926085235471746,
      50.74586318831798,
      51.87667492518418,
      57.109250862244025,
      46.37157048362316,
      51.55688430207471,
      45.86169529585682,
      53.68778866474806,
      47.86647711399429,
      27.726187403785545,
      28.42329947677563,
      15.982558092545771,
      57.248547933210965,
      52.04109110727781,
      53.349501974156624,
      50.803827586644076,
      56.06270040432108,
      42.20590433458179,
      23.33291034332815,
      52.59245371443991,
      22.157438835543875,
      40.393833037800725,
      58.700472050986036,
      46.970043095315035,
      54.090262037637736,
      49.3184984566348,
      12.065622375865463,
      56.1367459307407,
      12.757461250808838,
      49.01976313100869,
      6.75768884254041,
      41.88699996751367,
      19.473836536696503,
      50.83246346766948,
      12.264722095112946,
      56.47001246205806,
      22.804917133683112,
      19.116342401399287,
      9.867683167346906,
      54.858179480116206,
      48.31028234670645,
      10.805158600787289,
      23.74724407477062,
      60.29311698023502,
      26.143119140133518,
      10.47617220310074,
      44.840189828159104,
      56.78289062034969,
      52.82598583267724,
      41.85299031079971,
      44.1758272275792,
      47.839755521463495,
      51.83431091164888
    ],
    [
      33.820383993205446,
      38.19416534549269,
      56.84083883689971,
      5.510351265780864,
      52.65246155464087,
      9.254494256511656,
      62.57958169188807,
      50.95601131970853,
      63.161682971586934,
      46.95139111573398,
      42.8019258687557,
      0.0,
      52.57110126802872,
      44.8794857284935,
      47.49756176461065,
      44.3147010200339,
      46.86632381081482,
      6.851527710122379,
      28.884306438121815,
      8.18803581565869,
      52.98325257147348,
      61.78534077548225,
      45.80659962848751,
      16.05395958424276,
      9.145891823663561,
      58.01974817791497,
      10.961501224037494,
      40.872141365363426,
      55.05416281076896,
      48.6112890906688,
      51.57558641812662,
      16.01487245782677,
      55.786695225056384,
      49.114223113493765,
      9.710500636979837,
      10.283231449294242,
      55.28815791577148,
      46.31302008524169,
      46.86505404793261,
      47.166888223848446,
      46.15509709911126,
      52.93127266844865,
      9.26055659348789,
      10.596220432987113,
      8.544821056951804,
      16.265176891345543,
      6.249767898453863,
      48.290089710707974,
      10.310240578389822,
      50.21410151474019,
      3.8694856016117436,
      57.06850412455562,
      10.283945928311192,
      15.243509083311308,
      11.90639975326867,
      37.83464920289761,
      49.33272586349466,
      42.0640346645401,
      53.94814689096072,
      36.284438932320896,
      6.686488962830715,
      48.89677213227686,
      8.892913655615327,
      30.61887650055469,
      57.202393645439514,
      41.72780745541988,
      36.977249978868514,
      43.76014556419155,
      13.41893238135122,
      9.85533078882258,
      32.88898104592827,
      48.829367581818026,
      59.608062888574786,
      48.96755697967469,
      32.890375642767914,
      5.833560054680819,
      57.81836344675334,
      10.279099295764917,
      10.735876552797343,
      52.500411245370266,
      54.87395925228154,
      9.142038982553487
    ],
    [
      24.014491902779692,
      36.65174486254323,
      6.10183501214029,
      54.636637867255196,
      1.0,
      60.474510113269695,
      19.652704992384855,
      13.556442096757781,
      14.3694337775527,
      30.41726146791995,
      58.37358943005092,
      52.57110126802872,
      0.0,
      10.456464269620007,
      5.198632609823644,
      29.989994972687967,
      10.750942190534971,
      58.36062459827176,
      52.210410203840574,
      60.49034863590908,
      13.291925133994363,
      19.218290836878154,
      6.79946853876557,
      42.97992455507157,
      58.529721894082314,
      7.85316613048871,
      61.607203074103374,
      55.87986125836758,
      13.27534710118522,
      8.739774807005443,
      9.511570833692856,
      41.915894831012125,
      5.968411307627165,
      13.33363132843696,
      59.685825360470744,
      43.57667771880284,
      9.578302124407186,
      10.535029397923697,
      33.65018177490739,
      33.085750122881514,
      45.517665547552205,
      1.9737302338044065,
      56.35766845717294,
      57.30008958822455,
      52.20141458965409,
      47.744983715390866,
      46.35584109935031,
      39.44881986771696,
      52.681249269268974,
      42.401475936275034,
      49.09857293870706,
      6.120574393110986,
      62.84723207234969,
      66.6080237075301,
      64.28478318223232,
      64.98150574180778,
      3.238386079610477,
      68.43858954892815,
      14.08636495646648,
      56.927074110182,
      45.89499497995502,
      44.09924877779422,
      51.372832696317325,
      52.255882334422516,
      8.71144079989328,
      36.30774468106121,
      39.259902398836644,
      67.04956908477043,
      50.91210607314395,
      45.991335459967125,
      57.618743607943394,
      39.438039290182225,
      8.426449629357101,
      36.93119797109615,
      56.89856351232469,
      47.732667861199346,
      9.232759633707216,
      58.329056818590786,
      62.284364894758234,
      18.799548474465833,
      16.625259495489416,
      57.05200973792912
    ],
    [
      13.78823054017881,
      26.335968202940645,
      12.41968690987809,
      47.68470534358743,
      10.343422326810588,
      52.10315345961456,
      19.400015095742848,
      8.18829207273044,
      18.322374172249262,
      21.2638822747587,
      47.996000223889894,
      44.8794857284935,
      10.456464269620007,
      0.0,
      6.261656801450491,
      20.368794871354044,
      2.6392071703324107,
      51.13002357259479,
      41.841205625909595,
      53.0089939680322,
      9.622093947043213,
      18.680370949393165,
      6.048820252087093,
      37.825104263702485,
      51.78509366655902,
      13.326528283065489,
      54.69745542478518,
      45.48304419945593,
      11.259387504986078,
      3.751950240225137,
      6.915862395809658,
      36.632202962055054,
      11.225868573206268,
      6.609925233704321,
      52.86929152351375,
      36.86932679313247,
      10.480614496082511,
      1.8602347787293971,
      24.336665907528626,
      23.849846002754205,
      35.646143992630236,
      9.649658118613878,
      49.897446156642225,
      50.982507209807856,
      45.863763565878216,
      42.86348176086872,
      38.84534981530623,
      30.077352964155658,
      46.632204152271484,
      33.136462979769135,
      41.191843373592334,
      12.69530758570351,
      55.118785866637324,
      59.58580984200683,
      56.77243139021385,
      54.542347013802186,
      8.186719543011936,
      57.98312288764884,
      10.767501673671362,
      46.470674881591925,
      38.34625383639391,
      34.57348147726128,
      45.10617794962693,
      41.842657980764564,
      12.33622794576745,
      26.25708894572558,
      28.881425793836957,
      56.60123311345898,
      45.46205157691097,
      39.634021934588624,
      47.19792862698266,
      30.14431011029166,
      15.08609649310541,
      27.799485387874128,
      46.4724192073261,
      40.6210710107111,
      12.945393396438593,
      51.83306986180083,
      53.93902298732078,
      12.860302240636756,
      12.814996940246106,
      50.49874521176016
    ],
    [
      19.12338577392363,
      32.50855531183859,
      9.802567755671845,
      49.70094995227091,
      5.226330558862582,
      55.319071012598535,
      21.167280524551117,
      12.187548489108377,
      17.58542283798472,
      27.396520573653174,
      54.090369175758724,
      47.49756176461065,
      5.198632609823644,
      6.261656801450491,
      0.0,
      26.600671706550912,
      7.621511693258988,
      53.37588182081206,
      47.36003188795551,
      55.46220929980138,
      12.739959844911803,
      20.581782643649493,
      1.7384450333550237,
      38.444952006983755,
      53.645316155607205,
      11.324269982411673,
      56.69225754921647,
      51.55464356341151,
      13.546931321995867,
      6.415880872463253,
      8.866103065566689,
      37.339857398332676,
      9.042140566173535,
      11.26949728782443,
      54.787773494972384,
      38.66368580468989,
      10.863797158562411,
      7.0945786811619,
      30.517760750663008,
      30.011780269210817,
      41.90780053508411,
      5.479539034294663,
      51.533256558537744,
      52.51140828124196,
      47.39583791781245,
      43.310755806637495,
      41.300714285537246,
      36.280985927892424,
      47.946904053789694,
      39.32309862289217,
      43.98881438727175,
      9.962505691062873,
      57.77982630882862,
      61.676300696062185,
      59.255450721256295,
      60.25542750420694,
      2.1426782169762766,
      63.80413681829925,
      13.788060364885691,
      52.3253488203802,
      40.832802453169165,
      40.80762314351593,
      46.58184467196171,
      47.475876499722624,
      11.322924406488733,
      32.511966853268284,
      34.996234273260015,
      62.541407543011786,
      46.328941044667424,
      41.1628651530164,
      52.84889980957259,
      36.33248307101968,
      12.526058823530603,
      33.94625876129801,
      52.14210012367506,
      42.750843329961654,
      11.955460728464539,
      53.50040716685445,
      57.13271477195181,
      17.48459127078727,
      16.272768497909553,
      52.20761472718232
    ],
    [
      14.229275674507555,
      9.127810677324575,
      28.98237761368001,
      48.88068830875164,
      29.791837306523927,
      48.45845194723125,
      24.475555996675546,
      17.64735775339749,
      29.720085232316737,
      2.644963606040101,
      29.783413794361863,
      44.3147010200339,
      29.989994972687967,
      20.368794871354044,
      26.600671706550912,
      0.0,
      19.291873639756542,
      51.1660190931567,
      28.217182533549643,
      52.12725014818611,
      19.14733723528875,
      23.780871693718723,
      26.35050959054846,
      44.62109938703524,
      53.07697040986117,
      28.767572884394934,
      55.26438399759782,
      27.55703589718141,
      20.84006974524275,
      21.25357073297194,
      21.41859618337797,
      43.363315293625426,
      27.744838008599206,
      17.04828015377512,
      53.861639564838484,
      40.32804460912955,
      24.059572814377876,
      19.636856187925762,
      4.250368745700138,
      3.997148500444308,
      15.57151781837406,
      28.555451641296354,
      52.12079972261404,
      53.44590668998206,
      48.86497368804215,
      49.484168384622365,
      39.76289918958736,
      9.75442368803814,
      50.23376721445397,
      12.854338015306993,
      40.503577084875495,
      29.301118029795738,
      53.29043296627219,
      59.42587976788368,
      55.44862279995168,
      38.76474067368817,
      28.38336561819717,
      41.394896179874294,
      19.252124152547704,
      30.175688096156676,
      39.240920371893395,
      14.206986723220151,
      48.377376292048375,
      27.460954944474395,
      26.83791367186332,
      6.993402285737873,
      12.004360498958157,
      39.27813604003047,
      50.565125057413475,
      43.47735005686743,
      32.235700909846784,
      9.876767407148476,
      30.69361995137293,
      7.807285903508078,
      31.441556381703496,
      42.36687671601916,
      27.1099963786195,
      53.761928715087095,
      50.205416792191926,
      14.422463152440772,
      18.08380600008509,
      52.42125882495032
    ],
    [
      14.76480466179173,
      25.990967249799333,
      11.327909378756935,
      49.833988725804105,
      10.572959076858229,
      53.867414316927245,
      16.844311999211307,
      5.555236106995726,
      16.316064139930806,
      19.89336924206754,
      47.74526946598014,
      46.86632381081482,
      10.750942190534971,
      2.6392071703324107,
      7.621511693258988,
      19.291873639756542,
      0.0,
      53.20963948483877,
      42.335609806860916,
      55.02475228882824,
      7.0059388591437886,
      16.112856213659573,
      7.9295030221345995,
      40.282577927753465,
      53.96492749708876,
      11.933330846167141,
      56.83744423850269,
      45.281402008026575,
      8.721742794575874,
      2.244220256154509,
      4.710218389064238,
      39.079088433844966,
      10.059389461614002,
      4.0515660559672275,
      55.032365971148735,
      39.10515341247502,
      8.448881229441373,
      1.0,
      23.07014952538282,
      22.53671507465101,
      34.78283981006378,
      9.504263249753015,
      52.13481802308465,
      53.24203704627979,
      48.13319419604863,
      45.336365272947255,
      40.90149209573175,
      28.86066031663471,
      48.94627656655595,
      31.86556446606318,
      43.134676527731656,
      11.630507474754522,
      57.0662625120091,
      61.691944770534434,
      58.77156878664983,
      54.805591084586474,
      9.173022560449674,
      58.11707432788261,
      8.148069933614465,
      46.590209967059245,
      40.3952884152817,
      33.459435232688726,
      47.38966560904104,
      42.22630670147507,
      10.645208047066516,
      25.55780240257958,
